Tb927_01_v5.1 110443 110774 0.3497112514009004
Tb927_01_v5.1 114152 114912 1.222392421336448
Tb927_01_v5.1 115047 115541 1.177127687600666
Tb927_01_v5.1 115568 115869 0.4388842412332114
Tb927_01_v5.1 123996 124520 0.7073924787828593
Tb927_01_v5.1 124707 125545 0.4989100565338638
Tb927_01_v5.1 126458 126877 0.4487052120442387
Tb927_01_v5.1 127186 127922 0.2265924098657335
Tb927_01_v5.1 158004 158313 0.5305147166987798
Tb927_01_v5.1 161976 163475 0.32192809488736235
Tb927_01_v5.1 164472 164819 0.5189884633177523
Tb927_01_v5.1 182348 182767 1.7412025870526768
Tb927_01_v5.1 183064 183686 1.5118990385314328
Tb927_01_v5.1 192753 194296 0.8913429364805372
Tb927_01_v5.1 195271 196376 0.6750631552402994
Tb927_01_v5.1 301128 302554 1.538419914784126
Tb927_01_v5.1 303999 304346 1.1312445332782528
Tb927_01_v5.1 343582 344722 0.6960811195361961
Tb927_01_v5.1 429179 430048 1.212220616279157
Tb927_01_v5.1 494152 495013 0.5849625007211562
Tb927_01_v5.1 504385 505273 0.3833286395515057
Tb927_01_v5.1 507944 509660 1.82254132587228
Tb927_01_v5.1 570883 571283 2.415037499278844
Tb927_01_v5.1 574525 574966 0.7369655941662062
Tb927_01_v5.1 581809 582224 2.321928094887362
Tb927_01_v5.1 663962 664661 0.39078995303216657
Tb927_01_v5.1 665380 666458 1.584962500721156
Tb927_01_v5.1 673176 674464 2.1683525816235587
Tb927_01_v5.1 692932 693264 0.13750352374993502
Tb927_01_v5.1 700941 701536 0.2125446353801006
Tb927_01_v5.1 701795 702181 0.5305147166987798
Tb927_01_v5.1 704104 705246 1.4313393116079445
Tb927_01_v5.1 827028 827562 0.07337318633021918
Tb927_01_v5.1 829879 831022 1.222392421336448
Tb927_01_v5.1 881396 881928 3.222392421336448
Tb927_01_v5.1 882491 882803 2.2895066171949847
Tb927_01_v5.1 973109 974817 0.7425037777076362
Tb927_02_v5.1 12383 12931 0.5821960664297798
Tb927_02_v5.1 126334 127292 0.4613311515527787
Tb927_02_v5.1 155262 155856 1.0710830980614823
Tb927_02_v5.1 159175 160052 0.8942053359774033
Tb927_02_v5.1 237518 238250 1.1434915935895327
Tb927_02_v5.1 256306 256909 1.6374299206152918
Tb927_02_v5.1 331723 332982 2.0
Tb927_02_v5.1 521223 522616 2.0
Tb927_02_v5.1 523310 524107 1.874469117916141
Tb927_02_v5.1 524547 526237 1.3065563920609577
Tb927_02_v5.1 533664 534898 0.4840096413579631
Tb927_02_v5.1 925478 927447 1.9475325801058645
Tb927_02_v5.1 928642 929036 0.9593580155026541
Tb927_02_v5.1 929048 929415 1.1375035237499351
Tb927_02_v5.1 940085 941083 1.3219280948873624
Tb927_02_v5.1 944845 945481 0.8830238785066467
Tb927_02_v5.1 946833 947595 1.241888596962245
Tb927_02_v5.1 1002236 1003307 1.6018645606315758
Tb927_02_v5.1 1004996 1006003 1.1622714288988771
Tb927_02_v5.1 1017764 1018655 0.8010411481254018
Tb927_02_v5.1 1048666 1050056 1.7618402628052354
Tb927_02_v5.1 1074603 1075560 2.2016338611696504
Tb927_02_v5.1 1085228 1086132 3.4882864813094825
Tb927_02_v5.1 1098234 1098966 0.8575557349797949
Tb927_03_v5.1 19074 19448 0.5305147166987798
Tb927_03_v5.1 213357 214411 1.9078617804589866
Tb927_03_v5.1 282666 283581 1.2515387669959643
Tb927_03_v5.1 286058 286973 0.15200309344505006
Tb927_03_v5.1 318925 319344 1.2563397532597855
Tb927_03_v5.1 333946 335161 1.4309790431478653
Tb927_03_v5.1 350434 351137 0.9090263399525096
Tb927_03_v5.1 355524 356472 3.08037341646402
Tb927_03_v5.1 368604 368979 0.14839183989267116
Tb927_03_v5.1 598663 599025 1.0
Tb927_03_v5.1 619539 619933 3.169925001442312
Tb927_03_v5.1 1020972 1021911 2.9385994553358565
Tb927_03_v5.1 1040010 1040318 0.30361621661042054
Tb927_03_v5.1 1041557 1042403 1.3356030317844387
Tb927_03_v5.1 1044220 1044643 0.007268000464039107
Tb927_03_v5.1 1077287 1078411 0.9556058806415464
Tb927_03_v5.1 1434223 1434788 0.5427930464772166
Tb927_03_v5.1 1450480 1451039 0.7818198299504664
Tb927_03_v5.1 1474447 1475060 1.1686211648954672
Tb927_03_v5.1 1490449 1491630 1.1154772174199359
Tb927_03_v5.1 1516493 1517323 0.22239242133644802
Tb927_03_v5.1 1521907 1522854 1.4150374992788437
Tb927_03_v5.1 1548748 1549211 0.3446481713874458
Tb927_03_v5.1 1568795 1570364 0.6053687113829934
Tb927_03_v5.1 1570430 1571059 0.3344190390705593
Tb927_03_v5.1 1576377 1577218 0.4118135984045574
Tb927_04_v5.1 19758 20607 1.5756397216500926
Tb927_04_v5.1 21207 21544 1.4724877714627436
Tb927_04_v5.1 319558 320055 2.6244908649077936
Tb927_04_v5.1 569825 570856 1.6702476886661255
Tb927_04_v5.1 616811 617661 0.08488889758651294
Tb927_04_v5.1 619644 620303 0.4221269240651631
Tb927_04_v5.1 663766 664310 0.41503749927884376
Tb927_04_v5.1 664361 665410 2.0395283641866375
Tb927_04_v5.1 671812 672153 0.28950661719498477
Tb927_04_v5.1 672938 674489 0.36923380966571884
Tb927_04_v5.1 709763 710763 0.9757524537533229
Tb927_04_v5.1 720219 721629 0.533218925627158
Tb927_04_v5.1 761661 762591 3.1710377628093873
Tb927_04_v5.1 771972 772332 0.11547721741993588
Tb927_04_v5.1 776444 777303 3.3923174227787602
Tb927_04_v5.1 784172 784944 1.4150374992788437
Tb927_04_v5.1 829867 831161 1.078002512001273
Tb927_05_v5.1 424503 424836 0.643306486951961
Tb927_05_v5.1 425813 426425 0.8401708762931948
Tb927_05_v5.1 427043 427361 0.7835081801032363
Tb927_05_v5.1 430771 431092 0.7252203864931068
Tb927_05_v5.1 432490 432984 0.3890422907458993
Tb927_05_v5.1 434511 434861 0.7551701895437966
Tb927_05_v5.1 437624 438175 1.3025627700204314
Tb927_05_v5.1 438386 438879 0.07800251200127316
Tb927_05_v5.1 438899 439221 0.48542682717024166
Tb927_05_v5.1 492189 492907 0.37851162325372983
Tb927_05_v5.1 587193 589938 2.1418687163113366
Tb927_05_v5.1 650277 650757 0.04730571477835682
Tb927_05_v5.1 789338 790127 0.5025003405291834
Tb927_05_v5.1 790287 790848 0.22239242133644802
Tb927_05_v5.1 793073 793498 0.7004397181410922
Tb927_05_v5.1 794525 795772 0.4104060505471982
Tb927_05_v5.1 799541 800095 1.15200309344505
Tb927_05_v5.1 815356 816271 3.04169294829996
Tb927_05_v5.1 843511 844431 0.8512563149809097
Tb927_05_v5.1 867002 868048 1.415037499278844
Tb927_05_v5.1 868446 869554 1.7369655941662063
Tb927_05_v5.1 876072 877456 1.7208459288029292
Tb927_05_v5.1 910256 911046 0.6083454281591071
Tb927_05_v5.1 986971 987938 1.9018196060610966
Tb927_05_v5.1 1161496 1162387 0.29768054864068516
Tb927_05_v5.1 1274540 1275354 0.44745897697122117
Tb927_05_v5.1 1280428 1280867 2.4594316186372973
Tb927_05_v5.1 1411181 1412209 1.3948596173412136
Tb927_06_v5.1 5521 6908 1.394573396719128
Tb927_06_v5.1 153315 154214 0.10309349296410342
Tb927_06_v5.1 164589 165440 1.2515387669959643
Tb927_06_v5.1 165626 165964 0.2630344058337938
Tb927_06_v5.1 700326 701237 1.1154772174199359
Tb927_06_v5.1 819654 822319 0.8816052991977696
Tb927_06_v5.1 914474 915637 1.0652914602517192
Tb927_06_v5.1 928427 928803 1.3177402979239288
Tb927_06_v5.1 933672 935000 1.3356030317844392
Tb927_06_v5.1 935642 937287 1.4796904576210974
Tb927_06_v5.1 949585 950632 1.6133662157248225
Tb927_06_v5.1 968494 969507 0.28379296600059134
Tb927_06_v5.1 976498 978061 0.5184670889342494
Tb927_06_v5.1 1322706 1323112 1.222392421336448
Tb927_06_v5.1 1334271 1334998 1.9827220085681645
Tb927_06_v5.1 1390951 1391854 1.3201122418586024
Tb927_07_v5.1 35259 36055 0.5930561827674927
Tb927_07_v5.1 260064 261088 1.3987968582716328
Tb927_07_v5.1 279763 281157 3.0874628412503395
Tb927_07_v5.1 293931 296706 0.7953573889580111
Tb927_07_v5.1 321919 322832 0.302269569116894
Tb927_07_v5.1 338036 338869 0.9175378398080272
Tb927_07_v5.1 360185 361390 1.2861569638655403
Tb927_07_v5.1 361544 362252 3.3999306068886352
Tb927_07_v5.1 371639 372457 0.5120098999477772
Tb927_07_v5.1 391447 392682 1.810966175609983
Tb927_07_v5.1 393802 394531 1.874469117916141
Tb927_07_v5.1 412718 414122 0.9455522159776235
Tb927_07_v5.1 726485 727228 0.01837852931485452
Tb927_07_v5.1 744948 745935 0.6554593359743452
Tb927_07_v5.1 759326 760177 0.29255349275384873
Tb927_07_v5.1 781495 782451 0.8652896911417455
Tb927_07_v5.1 782889 783494 0.3743955147814979
Tb927_07_v5.1 803694 804170 1.222392421336448
Tb927_07_v5.1 804932 806281 0.41503749927884376
Tb927_07_v5.1 811541 813524 1.0567005874796525
Tb927_07_v5.1 813809 814578 1.4150374992788437
Tb927_07_v5.1 1022403 1023318 0.4175752220807435
Tb927_07_v5.1 1026472 1028072 1.6780719051126378
Tb927_07_v5.1 1047015 1047916 1.3289749003804314
Tb927_07_v5.1 1057329 1058084 0.6520766965796931
Tb927_07_v5.1 1078259 1080157 1.3063312398363438
Tb927_07_v5.1 1089156 1089990 0.3905844555543048
Tb927_07_v5.1 1093977 1095088 0.5101947323191838
Tb927_07_v5.1 1100163 1101389 2.0956119115946517
Tb927_07_v5.1 1101825 1102982 1.7078192485066896
Tb927_07_v5.1 1122058 1123003 0.8171359428501896
Tb927_07_v5.1 1339026 1339858 1.2035333940851323
Tb927_07_v5.1 1366751 1368431 1.2223924213364477
Tb927_07_v5.1 1378361 1379129 0.9122240399115592
Tb927_07_v5.1 1380028 1381134 0.5312825161000255
Tb927_07_v5.1 1383207 1384057 0.8073549220576041
Tb927_07_v5.1 1397641 1399272 1.7173367874172736
Tb927_07_v5.1 1401129 1401564 1.6374299206152918
Tb927_07_v5.1 1433790 1435178 0.6155704866515525
Tb927_07_v5.1 1446653 1447996 0.5538652039761608
Tb927_07_v5.1 1483792 1484638 0.3692338096657191
Tb927_07_v5.1 1523907 1524662 0.41503749927884376
Tb927_07_v5.1 1544201 1544594 0.9437317803532548
Tb927_07_v5.1 1548423 1549332 0.32768736417604716
Tb927_07_v5.1 1590812 1591415 0.0978473233981446
Tb927_07_v5.1 1606354 1607106 1.3131578852596302
Tb927_07_v5.1 1612545 1613324 1.1338557467347905
Tb927_08_v5.1 88501 88800 1.8300749985576876
Tb927_08_v5.1 476383 477207 1.9385994553358568
Tb927_08_v5.1 517351 519114 1.1952562913989337
Tb927_08_v5.1 522543 523905 0.08305573972755834
Tb927_08_v5.1 523963 524651 3.706119627213447
Tb927_08_v5.1 526279 527292 0.43733253896919677
Tb927_08_v5.1 543855 544640 0.36017556424432545
Tb927_08_v5.1 547025 547511 1.9757524537533229
Tb927_08_v5.1 646409 646711 1.0
Tb927_08_v5.1 648157 649117 1.89804166418223
Tb927_08_v5.1 649507 650329 1.6629650127224291
Tb927_08_v5.1 651884 653117 0.7369655941662062
Tb927_08_v5.1 663841 664195 2.662965012722429
Tb927_08_v5.1 668675 670082 1.7162070339994087
Tb927_08_v5.1 738092 738418 0.5343364276511882
Tb927_08_v5.1 770995 772857 1.0063137739322021
Tb927_08_v5.1 780399 781128 1.4150374992788437
Tb927_08_v5.1 786390 786780 1.925999418556223
Tb927_08_v5.1 787836 788193 1.584962500721156
Tb927_08_v5.1 789390 790480 0.5025003405291834
Tb927_08_v5.1 823659 824911 1.6456504274202601
Tb927_08_v5.1 844264 844692 0.8052716075571149
Tb927_08_v5.1 894481 894892 1.2515387669959643
Tb927_08_v5.1 926136 926449 0.48542682717024166
Tb927_08_v5.1 936496 936814 0.7369655941662062
Tb927_08_v5.1 946722 948528 0.9593580155026541
Tb927_08_v5.1 989321 990350 1.4525122046975067
Tb927_08_v5.1 1009269 1009582 0.22239242133644802
Tb927_08_v5.1 1019048 1019915 1.210419779670372
Tb927_08_v5.1 1037784 1038116 0.6520766965796931
Tb927_08_v5.1 1459098 1459604 1.237578825151124
Tb927_08_v5.1 1510422 1513738 1.0965899731264435
Tb927_08_v5.1 1543532 1544853 1.87130531173397
Tb927_08_v5.1 1552467 1553222 2.6374299206152916
Tb927_08_v5.1 1560883 1561721 1.3079309438081168
Tb927_08_v5.1 1565549 1567108 1.7216988375128957
Tb927_08_v5.1 1638766 1639077 1.069041644429651
Tb927_08_v5.1 1651180 1652566 0.005713651194393638
Tb927_08_v5.1 1653510 1654207 2.1963972128035034
Tb927_08_v5.1 1655440 1658090 0.5491132528826675
Tb927_08_v5.1 1677646 1678456 1.5979891810173956
Tb927_08_v5.1 1688772 1689710 1.7004397181410922
Tb927_08_v5.1 1705513 1705890 2.222392421336448
Tb927_08_v5.1 1724484 1725022 3.0
Tb927_08_v5.1 1821225 1821610 0.41503749927884376
Tb927_08_v5.1 1848133 1849304 2.0
Tb927_08_v5.1 1869255 1869563 0.4656635723488118
Tb927_08_v5.1 1881287 1881877 0.22239242133644802
Tb927_08_v5.1 1886439 1886973 1.328325866085513
Tb927_08_v5.1 2011951 2012464 0.9200316952965848
Tb927_08_v5.1 2020181 2021065 0.7369655941662062
Tb927_08_v5.1 2026680 2027031 0.08723283805481216
Tb927_08_v5.1 2028933 2029924 0.10561018796059878
Tb927_08_v5.1 2069962 2070860 0.6374299206152918
Tb927_08_v5.1 2083730 2084484 0.07352903542196526
Tb927_08_v5.1 2148889 2149203 0.24100809950379498
Tb927_08_v5.1 2150847 2151505 0.36612789879789726
Tb927_08_v5.1 2170064 2170379 1.4594316186372973
Tb927_08_v5.1 2188348 2189453 2.0588936890535687
Tb927_08_v5.1 2189738 2190990 0.7032824679099176
Tb927_08_v5.1 2196936 2198237 2.463300176897174
Tb927_08_v5.1 2199622 2199952 2.6374299206152916
Tb927_08_v5.1 2200322 2200645 2.321928094887362
Tb927_08_v5.1 2202415 2203384 2.380821783940931
Tb927_08_v5.1 2205003 2206111 2.5121666751226632
Tb927_08_v5.1 2207648 2208718 2.2622218487630947
Tb927_08_v5.1 2210453 2210897 1.5719063478957098
Tb927_08_v5.1 2211063 2211556 1.4521268180140638
Tb927_08_v5.1 2247034 2247532 0.05714390710360882
Tb927_08_v5.1 2248532 2249350 0.6662367686756681
Tb927_08_v5.1 2261997 2262795 0.5305147166987798
Tb927_08_v5.1 2269181 2270301 2.736965594166206
Tb927_08_v5.1 2286467 2288011 1.6607939136808023
Tb927_08_v5.1 2291694 2293668 0.6698513983076692
Tb927_08_v5.1 2300150 2301640 0.24961389007147222
Tb927_08_v5.1 2305097 2306557 0.602664502454615
Tb927_08_v5.1 2306599 2307111 0.8020606223880911
Tb927_08_v5.1 2316281 2317198 0.9848931076097918
Tb927_08_v5.1 2321344 2322822 0.5025003405291834
Tb927_08_v5.1 2325033 2326355 0.48542682717024166
Tb927_08_v5.1 2326409 2326988 0.6244908649077937
Tb927_08_v5.1 2329902 2331623 0.7935491225325735
Tb927_08_v5.1 2331658 2332019 0.7686744538935444
Tb927_08_v5.1 2352237 2352780 0.03652587602511419
Tb927_08_v5.1 2357052 2359287 2.12691211248222
Tb927_08_v5.1 2361980 2363453 0.9798221180623696
Tb927_08_v5.1 2363822 2364789 1.584962500721156
Tb927_08_v5.1 2367842 2369921 1.6999939603618968
Tb927_08_v5.1 2385623 2386684 1.563429339171515
Tb927_08_v5.1 2420830 2421745 0.13124453327825272
Tb927_08_v5.1 2423948 2424258 0.5256815629628363
Tb927_08_v5.1 2456748 2457505 2.384663850235325
Tb927_08_v5.1 2466511 2468274 1.0978473233981445
Tb927_09_v5.1 194564 194917 1.8413022539809418
Tb927_09_v5.1 238776 239132 0.6780719051126377
Tb927_09_v5.1 704289 705132 1.222392421336448
Tb927_09_v5.1 705526 706317 2.584962500721156
Tb927_09_v5.1 766851 767555 0.06428075133226296
Tb927_09_v5.1 781084 781898 0.7952820897570292
Tb927_09_v5.1 792010 792693 1.0384741478146355
Tb927_09_v5.1 798583 799420 0.4251145719667948
Tb927_09_v5.1 820510 821553 0.508696606493089
Tb927_09_v5.1 837965 838625 1.7993443793178927
Tb927_09_v5.1 840182 840550 0.07800251200127316
Tb927_09_v5.1 874763 875998 0.5849625007211562
Tb927_09_v5.1 902207 902759 1.0874628412503393
Tb927_09_v5.1 922899 923826 2.92283213947754
Tb927_09_v5.1 946169 947674 0.8647211413645788
Tb927_09_v5.1 956859 957350 0.8819870872001575
Tb927_09_v5.1 963428 964223 1.5330347086772953
Tb927_09_v5.1 978987 980237 0.6520766965796931
Tb927_09_v5.1 1002432 1002982 0.5305147166987798
Tb927_09_v5.1 1039345 1040143 0.8264637450053088
Tb927_09_v5.1 1095718 1096722 2.643856189774725
Tb927_09_v5.1 1140063 1141072 0.4883892410261032
Tb927_09_v5.1 1145561 1145864 0.415037499278844
Tb927_09_v5.1 1157870 1159159 0.7248927618656311
Tb927_09_v5.1 1794979 1795968 1.6214883767462702
Tb927_09_v5.1 1857273 1858158 1.775784843056734
Tb927_09_v5.1 1888657 1890164 2.1154772174199357
Tb927_09_v5.1 1890365 1891247 3.712718047919529
Tb927_09_v5.1 1914743 1915660 2.913288366806669
Tb927_09_v5.1 1939357 1940185 1.1940106199666256
Tb927_09_v5.1 1953231 1954079 2.222392421336448
Tb927_09_v5.1 2014272 2015244 0.01197264166607594
Tb927_09_v5.1 2021646 2022731 0.16505924627049648
Tb927_09_v5.1 2022794 2023687 1.784271308944563
Tb927_09_v5.1 2025547 2026436 0.4005379295837288
Tb927_09_v5.1 2063968 2065263 1.7207325673098532
Tb927_09_v5.1 2269708 2270281 2.212050477114989
Tb927_09_v5.1 2270481 2270793 0.24100809950379498
Tb927_09_v5.1 2290196 2291511 0.6349936210649285
Tb927_09_v5.1 2372069 2374052 1.6652641288120174
Tb927_09_v5.1 2389482 2391652 1.2264279345716047
Tb927_09_v5.1 2391788 2392757 4.7603574425204345
Tb927_09_v5.1 2396438 2396838 0.05980939523530361
Tb927_09_v5.1 2439355 2439755 0.05363796360207323
Tb927_09_v5.1 2440912 2441445 0.9175378398080271
Tb927_09_v5.1 2444393 2445012 0.5405683813627028
Tb927_09_v5.1 2449614 2449978 0.03394733192333753
Tb927_09_v5.1 2602522 2603282 0.7369655941662062
Tb927_09_v5.1 2622227 2622868 0.38605843230707804
Tb927_10_v5.1 94583 94960 0.18915609186251625
Tb927_10_v5.1 114190 114631 0.025090980962830207
Tb927_10_v5.1 120342 121527 2.0455146592523685
Tb927_10_v5.1 150438 152268 1.505802963202026
Tb927_10_v5.1 158046 159245 1.4150374992788437
Tb927_10_v5.1 227000 228505 1.900041930006048
Tb927_10_v5.1 241889 243650 1.074748867270142
Tb927_10_v5.1 264598 265688 0.9277879365017844
Tb927_10_v5.1 514622 516676 0.9970284334687091
Tb927_10_v5.1 601507 601817 0.09575898280543074
Tb927_10_v5.1 645357 646574 1.2664230040819437
Tb927_10_v5.1 664987 665308 1.7629608026991508
Tb927_10_v5.1 666356 667415 0.6954989768708217
Tb927_10_v5.1 696235 697312 0.05285188226573499
Tb927_10_v5.1 740968 741657 2.321928094887362
Tb927_10_v5.1 767940 768611 1.874469117916141
Tb927_10_v5.1 770131 771475 2.321928094887362
Tb927_10_v5.1 783155 784502 1.4627906307272118
Tb927_10_v5.1 824092 825249 0.784271308944563
Tb927_10_v5.1 852867 854629 0.3890422907458993
Tb927_10_v5.1 905998 906754 1.7369655941662063
Tb927_10_v5.1 926788 927182 0.06012099243757093
Tb927_10_v5.1 1341712 1342911 1.1454304395215638
Tb927_10_v5.1 1352124 1353166 0.7369655941662062
Tb927_10_v5.1 1365053 1365447 0.7369655941662062
Tb927_10_v5.1 1401133 1402111 2.7289282751007877
Tb927_10_v5.1 1668884 1669967 0.5579954531208869
Tb927_10_v5.1 1697583 1697980 1.9385994553358568
Tb927_10_v5.1 1699794 1700332 2.241585986569759
Tb927_10_v5.1 1703712 1704411 2.2468266396466436
Tb927_10_v5.1 1709522 1711097 3.662965012722429
Tb927_10_v5.1 1747690 1749200 0.7837598056451471
Tb927_10_v5.1 1757425 1758935 0.5345445937349328
Tb927_10_v5.1 1766058 1766551 3.7725895038969273
Tb927_10_v5.1 1775293 1775994 1.0
Tb927_10_v5.1 2073096 2074139 0.20501732122885197
Tb927_10_v5.1 2085589 2087232 1.925999418556223
Tb927_10_v5.1 2121697 2122776 1.4150374992788437
Tb927_10_v5.1 2165863 2166213 0.8015493003763983
Tb927_10_v5.1 2209562 2210104 0.42968427524324515
Tb927_10_v5.1 2210112 2211066 1.9645511639957103
Tb927_10_v5.1 2239546 2240505 1.1069152039165118
Tb927_10_v5.1 2250914 2251887 1.0
Tb927_10_v5.1 2286687 2288156 0.8013160055762637
Tb927_10_v5.1 2394113 2395379 1.9847654863048396
Tb927_10_v5.1 2412506 2413480 0.5849625007211562
Tb927_10_v5.1 2429840 2430537 0.2360673582335245
Tb927_10_v5.1 2442580 2443288 1.0588936890535685
Tb927_10_v5.1 2485852 2486800 3.1364622425492716
Tb927_10_v5.1 2801405 2802990 1.2115041051937119
Tb927_10_v5.1 2814575 2815372 0.7118121169378678
Tb927_10_v5.1 2830500 2830870 1.0343200731838762
Tb927_10_v5.1 2830954 2831386 0.781654411726254
Tb927_10_v5.1 2857265 2857959 0.925999418556223
Tb927_10_v5.1 2880195 2880953 1.5235619560570128
Tb927_10_v5.1 2905774 2906191 1.874469117916141
Tb927_10_v5.1 2910962 2911300 1.3219280948873624
Tb927_10_v5.1 2971221 2971541 0.12691211248221967
Tb927_10_v5.1 2978747 2979713 1.3219280948873624
Tb927_10_v5.1 3175001 3175557 0.384663850235325
Tb927_10_v5.1 3628360 3629136 0.8911865128610746
Tb927_10_v5.1 3630379 3632129 0.4579233121320203
Tb927_10_v5.1 3647370 3647759 1.8259706002249512
Tb927_10_v5.1 3670747 3672191 1.584962500721156
Tb927_10_v5.1 3714117 3714431 0.8300749985576875
Tb927_10_v5.1 3727558 3728664 1.1699250014423124
Tb927_10_v5.1 3733402 3733983 1.0238467419543678
Tb927_10_v5.1 3764153 3765189 3.1154772174199357
Tb927_10_v5.1 3781024 3782189 2.321928094887362
Tb927_10_v5.1 3834338 3835065 0.561878887608115
Tb927_10_v5.1 3839751 3840176 1.584962500721156
Tb927_10_v5.1 3848056 3848393 1.3999306068886355
Tb927_10_v5.1 3848827 3849259 1.1292830169449664
Tb927_10_v5.1 3849852 3850724 0.9252322315980278
Tb927_10_v5.1 3850901 3851256 0.41503749927884376
Tb927_10_v5.1 3851270 3851638 1.9337663015999131
Tb927_10_v5.1 3879560 3880759 0.3138907758219441
Tb927_10_v5.1 3892616 3893691 1.2829339632714987
Tb927_10_v5.1 3951334 3951685 0.561878887608115
Tb927_10_v5.1 3956638 3957561 1.3882705897160583
Tb927_10_v5.1 3978597 3979186 0.0721497857558354
Tb927_10_v5.1 3990350 3991758 0.27753397552890896
Tb927_11_v5.1 186048 187366 0.265142068795785
Tb927_11_v5.1 209666 210606 0.15367967125243365
Tb927_11_v5.1 227717 228789 2.137503523749935
Tb927_11_v5.1 234238 235141 2.0395283641866375
Tb927_11_v5.1 280746 281174 4.954196310386875
Tb927_11_v5.1 313905 314257 0.41028396930820926
Tb927_11_v5.1 314263 314837 1.2636604397081816
Tb927_11_v5.1 318588 319456 3.6516718431910706
Tb927_11_v5.1 379097 380061 0.6629650127224292
Tb927_11_v5.1 402212 403297 2.050626073069968
Tb927_11_v5.1 406904 407656 0.22239242133644802
Tb927_11_v5.1 410133 411139 2.187627003175771
Tb927_11_v5.1 418121 418821 0.668794091524627
Tb927_11_v5.1 432315 433391 0.5849625007211562
Tb927_11_v5.1 433594 434418 1.222392421336448
Tb927_11_v5.1 434426 435281 0.6374299206152918
Tb927_11_v5.1 436985 437859 1.0
Tb927_11_v5.1 455805 456301 1.4150374992788437
Tb927_11_v5.1 456594 457347 1.4150374992788437
Tb927_11_v5.1 457449 458037 1.7369655941662063
Tb927_11_v5.1 581682 582054 1.222392421336448
Tb927_11_v5.1 583161 584263 0.32639464656925343
Tb927_11_v5.1 629352 629663 0.44478484267289564
Tb927_11_v5.1 644763 645724 4.718818247455947
Tb927_11_v5.1 670410 671305 1.7884958948062883
Tb927_11_v5.1 944367 945814 2.198413558402008
Tb927_11_v5.1 962528 964350 0.4202932247303392
Tb927_11_v5.1 986670 987765 3.169925001442312
Tb927_11_v5.1 997520 998799 1.2005329873727086
Tb927_11_v5.1 999858 1000818 1.9510903995190534
Tb927_11_v5.1 1002634 1003700 0.8300749985576877
Tb927_11_v5.1 1024948 1025411 1.3219280948873624
Tb927_11_v5.1 1032988 1033930 2.146841388329271
Tb927_11_v5.1 1085365 1085926 1.5025003405291832
Tb927_11_v5.1 1112721 1114293 0.5338236517293552
Tb927_11_v5.1 1297551 1298672 7.052869901425798
Tb927_11_v5.1 1306671 1307493 7.557144556581394
Tb927_11_v5.1 1410776 1412105 1.5715419849588346
Tb927_11_v5.1 1417574 1418609 0.5599111286657887
Tb927_11_v5.1 1420079 1420584 0.41503749927884376
Tb927_11_v5.1 1433796 1434760 3.9068905956085187
Tb927_11_v5.1 1458071 1458620 1.6026645024546151
Tb927_11_v5.1 1464016 1464611 0.17176634826647985
Tb927_11_v5.1 1470432 1471569 0.9175378398080271
Tb927_11_v5.1 1474299 1475306 0.9798221180623697
Tb927_11_v5.1 1560821 1561906 1.1441642767039848
Tb927_11_v5.1 1636819 1637657 0.19639721280350333
Tb927_11_v5.1 1648451 1649356 0.6615316345211717
Tb927_11_v5.1 1657461 1657975 0.7369655941662062
Tb927_11_v5.1 1679700 1680767 1.078002512001273
Tb927_11_v5.1 2038052 2040167 1.7369655941662063
Tb927_11_v5.1 2042655 2044859 1.4435314151041398
Tb927_11_v5.1 2081812 2082168 1.078002512001273
Tb927_11_v5.1 2289572 2291720 1.2022427217150407
Tb927_11_v5.1 2307204 2308128 1.1606828491374637
Tb927_11_v5.1 2331638 2332431 1.299774952648812
Tb927_11_v5.1 2377531 2377892 1.7369655941662063
Tb927_11_v5.1 2379983 2380327 2.415037499278844
Tb927_11_v5.1 2382770 2383174 1.5555187228286742
Tb927_11_v5.1 2395104 2395782 2.928107081518214
Tb927_11_v5.1 2436358 2436760 3.0874628412503395
Tb927_11_v5.1 2477903 2478825 2.082462160191973
Tb927_11_v5.1 2486831 2488265 4.101019164726245
Tb927_11_v5.1 2511389 2511697 0.415037499278844
Tb927_11_v5.1 2563647 2564668 0.7114949066500879
Tb927_11_v5.1 2799980 2800306 0.22239242133644774
Tb927_11_v5.1 2800325 2801572 0.6251996318298794
Tb927_11_v5.1 2805540 2806487 2.0834160081876374
Tb927_11_v5.1 2810073 2810816 0.8110636517115634
Tb927_11_v5.1 2824743 2825736 2.0588936890535687
Tb927_11_v5.1 2842937 2847428 2.5025003405291835
Tb927_11_v5.1 2847599 2850164 0.874469117916141
Tb927_11_v5.1 2853158 2854020 0.25677541536211146
Tb927_11_v5.1 2899232 2899675 0.40109830832097026
Tb927_11_v5.1 2915774 2916225 1.0
Tb927_11_v5.1 2928640 2930158 1.2895066171949847
Tb927_11_v5.1 2945943 2947579 2.0210616155278296
Tb927_11_v5.1 2947632 2948543 2.8744691179161412
Tb927_11_v5.1 3013666 3014523 1.6536372105673098
Tb927_11_v5.1 3021271 3022377 0.874469117916141
Tb927_11_v5.1 3061009 3062461 1.0339473319233379
Tb927_11_v5.1 3147969 3148562 1.6629650127224291
Tb927_11_v5.1 3176162 3177158 1.6026645024546151
Tb927_11_v5.1 3185259 3185745 2.029747343394052
Tb927_11_v5.1 3199060 3199921 3.1858665453113337
Tb927_11_v5.1 3235581 3237227 1.7472339296200332
Tb927_11_v5.1 3254446 3254766 0.41503749927884376
Tb927_11_v5.1 3277162 3278171 3.0588936890535687
Tb927_11_v5.1 3308096 3309545 0.5682837595745259
Tb927_11_v5.1 3343073 3344052 1.0198995574377048
Tb927_11_v5.1 3344778 3345765 1.7258250365610057
Tb927_11_v5.1 3662834 3663194 0.4694852833012202
Tb927_11_v5.1 3681789 3682527 2.7071499397306447
Tb927_11_v5.1 3722882 3724156 1.415037499278844
Tb927_11_v5.1 3823155 3823797 0.48542682717024166
Tb927_11_v5.1 3838044 3839366 0.5963672639934058
Tb927_11_v5.1 3866001 3867080 2.3025627700204314
Tb927_11_v5.1 3870693 3871567 0.874469117916141
Tb927_11_v5.1 3882813 3883143 0.11547721741993588
Tb927_11_v5.1 3884248 3884552 0.874469117916141
Tb927_11_v5.1 4551114 4551636 1.078002512001273
Tb927_11_v5.1 4765690 4766235 1.7725895038969275
Tb927_11_v5.1 5136689 5137107 0.41503749927884376
Tb927_11_v5.1 5138691 5139458 0.4309088919217258
Tb927_01_v5.1 44993 45815 0.647257581512654
Tb927_01_v5.1 93009 94052 0.5410910022852407
Tb927_01_v5.1 94964 96536 0.8489340258090036
Tb927_01_v5.1 134158 134653 1.0588936890535685
Tb927_01_v5.1 142618 143469 1.8501762046141972
Tb927_01_v5.1 169976 171487 0.7451279641195665
Tb927_01_v5.1 221106 222847 1.234465253637023
Tb927_01_v5.1 240436 241487 0.777607578663552
Tb927_01_v5.1 244433 245167 1.9198296513160167
Tb927_01_v5.1 257085 258465 1.2223924213364477
Tb927_01_v5.1 265198 266398 2.2493910111832043
Tb927_01_v5.1 267089 267483 0.36923380966571884
Tb927_01_v5.1 271211 271728 1.3761484858852489
Tb927_01_v5.1 737886 738874 3.4059923596758366
Tb927_02_v5.1 2413 3044 0.4869873411578586
Tb927_02_v5.1 46555 47630 0.46831758186888567
Tb927_02_v5.1 84624 84987 0.13124453327825272
Tb927_02_v5.1 87865 89169 1.9316130250197496
Tb927_02_v5.1 98199 98505 3.222392421336448
Tb927_02_v5.1 108818 109897 2.2583119955913906
Tb927_02_v5.1 141429 141998 0.8171359428501894
Tb927_02_v5.1 181150 181505 3.4722329008603867
Tb927_02_v5.1 220778 221423 0.6698513983076692
Tb927_02_v5.1 422739 423294 1.2064508774674263
Tb927_02_v5.1 428589 428932 0.49381461266296084
Tb927_02_v5.1 429400 430445 1.1012833358371816
Tb927_02_v5.1 441515 441824 0.5525410230287786
Tb927_02_v5.1 461800 464969 1.40109830832097
Tb927_02_v5.1 471636 472540 2.577657700097923
Tb927_02_v5.1 647081 648181 2.2451124978365313
Tb927_02_v5.1 655652 656613 2.4882864813094825
Tb927_02_v5.1 658801 659560 4.37213954084113
Tb927_02_v5.1 711651 712437 0.10837616104479195
Tb927_02_v5.1 713777 714440 0.20645087746742624
Tb927_02_v5.1 720555 720982 1.4854268271702418
Tb927_02_v5.1 737108 738579 0.843880798082718
Tb927_02_v5.1 753816 754327 4.832890014164741
Tb927_02_v5.1 775490 776661 7.086283687085074
Tb927_02_v5.1 791536 793181 2.0909084961982103
Tb927_02_v5.1 891419 891732 0.4878783061643382
Tb927_02_v5.1 963324 965785 1.0786743141279125
Tb927_02_v5.1 976051 976945 0.6826060591676455
Tb927_02_v5.1 988685 989727 0.9004643264490856
Tb927_02_v5.1 991404 992481 1.0517311631591517
Tb927_03_v5.1 127524 128051 0.45606476753889863
Tb927_03_v5.1 162464 162894 1.0
Tb927_03_v5.1 401949 402307 1.0473057147783569
Tb927_03_v5.1 404052 404666 2.273018494406416
Tb927_03_v5.1 530448 531994 1.3269813226136475
Tb927_03_v5.1 654700 656316 2.1305315631422252
Tb927_03_v5.1 665306 665812 2.736965594166206
Tb927_03_v5.1 667570 668589 1.5335519705382339
Tb927_03_v5.1 693781 694835 1.6438561897747246
Tb927_03_v5.1 697533 698562 1.2352164616940315
Tb927_03_v5.1 698589 699355 2.070389327891398
Tb927_03_v5.1 720229 721312 2.181215014661537
Tb927_03_v5.1 732673 733564 0.2515387669959644
Tb927_03_v5.1 788277 789623 0.885928233291205
Tb927_03_v5.1 797641 799189 2.0614005446641435
Tb927_03_v5.1 805031 806388 1.3625700793847084
Tb927_03_v5.1 1140493 1141321 6.7615512324444795
Tb927_03_v5.1 1161065 1161958 3.92283213947754
Tb927_03_v5.1 1222377 1222878 0.6374299206152918
Tb927_03_v5.1 1239647 1240030 0.14235292341133057
Tb927_03_v5.1 1298064 1299323 2.1671099858352583
Tb927_03_v5.1 1340389 1340690 0.5288573988360059
Tb927_04_v5.1 49560 50242 0.7318946046187843
Tb927_04_v5.1 66746 67345 1.2895066171949847
Tb927_04_v5.1 81948 82804 0.21526798690306648
Tb927_04_v5.1 88953 89857 0.838248930003388
Tb927_04_v5.1 96700 97041 4.029747343394052
Tb927_04_v5.1 97188 98471 1.5158381400663359
Tb927_04_v5.1 110971 111429 1.384663850235325
Tb927_04_v5.1 112977 113485 4.009984088572622
Tb927_04_v5.1 156540 156871 2.1154772174199357
Tb927_04_v5.1 162540 163404 1.4594316186372973
Tb927_04_v5.1 212718 213886 3.043068721891886
Tb927_04_v5.1 222577 223259 2.6244908649077936
Tb927_04_v5.1 223391 223698 1.784271308944563
Tb927_04_v5.1 224794 226161 6.614709844115208
Tb927_04_v5.1 242036 243510 1.6629650127224291
Tb927_04_v5.1 300313 301282 2.5025003405291835
Tb927_04_v5.1 343355 344688 2.078002512001273
Tb927_04_v5.1 353177 354004 1.9175378398080272
Tb927_04_v5.1 361767 362232 2.2223924213364477
Tb927_04_v5.1 384924 385846 3.7900769306257684
Tb927_04_v5.1 394482 395380 2.382616021586466
Tb927_04_v5.1 399768 400117 0.7133787738485903
Tb927_04_v5.1 453268 454527 0.6629650127224295
Tb927_04_v5.1 459733 461034 3.6703284011359156
Tb927_04_v5.1 520059 520363 1.2410080995037949
Tb927_04_v5.1 521130 521526 0.4681488357384062
Tb927_04_v5.1 522409 522820 1.4594316186372973
Tb927_04_v5.1 523694 524065 1.0544477840223765
Tb927_04_v5.1 872820 873471 0.3479233034203068
Tb927_04_v5.1 1095723 1096265 0.30214344287291045
Tb927_04_v5.1 1162030 1164971 0.2822386167309456
Tb927_04_v5.1 1169231 1169559 1.502500340529183
Tb927_04_v5.1 1169797 1170211 2.321928094887362
Tb927_04_v5.1 1174083 1174780 1.15200309344505
Tb927_04_v5.1 1179040 1179923 0.01837852931485452
Tb927_04_v5.1 1183899 1184750 0.48608725063834995
Tb927_04_v5.1 1188946 1189387 0.09686153925258897
Tb927_04_v5.1 1193167 1194055 1.2337971846086973
Tb927_04_v5.1 1210397 1212387 0.0620961210919126
Tb927_04_v5.1 1225981 1227248 0.7629608026991507
Tb927_04_v5.1 1256070 1257054 2.187627003175771
Tb927_04_v5.1 1337671 1339101 1.7162070339994087
Tb927_04_v5.1 1358980 1359357 0.3584539709124765
Tb927_04_v5.1 1461065 1461809 0.41503749927884376
Tb927_04_v5.1 1528274 1528696 0.9593580155026541
Tb927_05_v5.1 94230 94617 0.673771767679012
Tb927_05_v5.1 192505 193336 6.3750394313469245
Tb927_05_v5.1 214594 215366 1.9385994553358568
Tb927_05_v5.1 234166 235485 1.0995356735509143
Tb927_05_v5.1 529254 529629 3.415037499278844
Tb927_05_v5.1 529651 529966 2.5025003405291835
Tb927_05_v5.1 539786 540669 5.519374159093579
Tb927_05_v5.1 541989 543221 1.2794928285669658
Tb927_05_v5.1 733199 733837 1.0931094043914815
Tb927_05_v5.1 1036382 1036776 3.4811266897366164
Tb927_05_v5.1 1077433 1078938 1.34577483684173
Tb927_05_v5.1 1081223 1082889 1.0175726294479497
Tb927_05_v5.1 1084556 1085041 1.5925756848310313
Tb927_05_v5.1 1099865 1101158 1.4270101409449198
Tb927_05_v5.1 1105246 1106486 1.874469117916141
Tb927_05_v5.1 1110137 1110924 4.694261143211968
Tb927_05_v5.1 1113256 1114180 2.1743709064735044
Tb927_05_v5.1 1114688 1115368 2.8119276518474283
Tb927_05_v5.1 1115675 1116416 1.959358015502654
Tb927_05_v5.1 1131473 1132324 0.9385994553358568
Tb927_05_v5.1 1301938 1302471 0.8073549220576041
Tb927_05_v5.1 1305120 1306302 2.222392421336448
Tb927_05_v5.1 1320906 1321735 2.7679924897868307
Tb927_05_v5.1 1346107 1347017 6.884000880088792
Tb927_05_v5.1 1361596 1362260 1.874469117916141
Tb927_05_v5.1 1385809 1386758 4.447236321666992
Tb927_05_v5.1 1461459 1461992 2.3692338096657193
Tb927_05_v5.1 1465460 1465796 0.5849625007211562
Tb927_05_v5.1 1532411 1532766 1.2895066171949847
Tb927_05_v5.1 1728902 1729250 0.41503749927884376
Tb927_06_v5.1 28410 29721 1.2895066171949847
Tb927_06_v5.1 394636 395340 2.5025003405291835
Tb927_06_v5.1 424952 425939 0.1740293997750489
Tb927_06_v5.1 575009 575312 3.0
Tb927_06_v5.1 605484 606174 6.073248982030639
Tb927_06_v5.1 1045930 1047185 1.2075954194083676
Tb927_06_v5.1 1057734 1058271 1.3219280948873624
Tb927_06_v5.1 1093187 1093560 1.5305147166987798
Tb927_06_v5.1 1113398 1113969 1.5803752312255044
Tb927_06_v5.1 1115891 1116441 1.8231222379159207
Tb927_06_v5.1 1126817 1127410 1.72762772958687
Tb927_06_v5.1 1129860 1130436 1.7608123361205739
Tb927_06_v5.1 1151182 1151627 0.9385994553358568
Tb927_06_v5.1 1248402 1249212 0.09463687413807527
Tb927_06_v5.1 1466196 1466988 2.0443941193584534
Tb927_07_v5.1 105627 107242 0.7268057279459844
Tb927_07_v5.1 119472 120266 2.2451124978365313
Tb927_07_v5.1 128527 128827 4.754887502163468
Tb927_07_v5.1 192418 193752 2.2488646326976394
Tb927_07_v5.1 196230 197230 3.611719801509397
Tb927_07_v5.1 221082 222367 2.321928094887362
Tb927_07_v5.1 227272 228213 0.41503749927884376
Tb927_07_v5.1 516855 517449 1.7369655941662063
Tb927_07_v5.1 521151 521516 0.15200309344505006
Tb927_07_v5.1 596943 598019 3.8781076949794895
Tb927_07_v5.1 606116 607124 0.6374299206152918
Tb927_07_v5.1 859673 860879 3.183918273521812
Tb927_07_v5.1 924101 924879 0.8300749985576875
Tb927_07_v5.1 927412 928911 2.5115644229574197
Tb927_07_v5.1 958984 960038 3.841302253980942
Tb927_07_v5.1 1002124 1002549 3.0238467419543675
Tb927_07_v5.1 1143446 1143824 1.0
Tb927_07_v5.1 1158888 1159197 0.5935027922873971
Tb927_07_v5.1 1168445 1170420 1.8434422222955165
Tb927_07_v5.1 1195509 1196277 5.192018772292929
Tb927_07_v5.1 1231950 1232893 3.7796099315747
Tb927_07_v5.1 1659898 1660830 1.5305147166987798
Tb927_07_v5.1 1691189 1692168 2.44930740136359
Tb927_07_v5.1 1738905 1739950 2.5130695822393703
Tb927_07_v5.1 1831562 1832174 1.4150374992788437
Tb927_07_v5.1 1883727 1884066 2.1154772174199357
Tb927_07_v5.1 1974929 1975973 1.9349049717781153
Tb927_07_v5.1 2014687 2015246 1.7787857698608334
Tb927_07_v5.1 2020688 2021645 0.18057224564182084
Tb927_07_v5.1 2030358 2030837 3.0255350921071376
Tb927_07_v5.1 2039284 2040689 0.615336149764675
Tb927_07_v5.1 2042831 2043851 3.2432327646183086
Tb927_07_v5.1 2069495 2071249 1.3344190390705593
Tb927_07_v5.1 2124035 2125234 0.36612789879789726
Tb927_07_v5.1 2150233 2150557 1.5025003405291832
Tb927_07_v5.1 2200518 2201439 0.9228321394775401
Tb927_08_v5.1 173489 174453 3.775100723052977
Tb927_08_v5.1 199630 200222 0.09310940439148145
Tb927_08_v5.1 225980 226350 0.4737658269887859
Tb927_08_v5.1 290845 291351 0.7551701895437966
Tb927_08_v5.1 299359 299733 1.8950304403984577
Tb927_08_v5.1 301074 301783 1.129476524428442
Tb927_08_v5.1 324237 325201 1.2976805486406853
Tb927_08_v5.1 334163 334911 2.115477217419936
Tb927_08_v5.1 334989 335844 0.6114347120823471
Tb927_08_v5.1 340180 340504 2.039528364186637
Tb927_08_v5.1 344295 345108 5.0198995574377046
Tb927_08_v5.1 348427 349666 1.9148833863620491
Tb927_08_v5.1 438451 439464 2.9385994553358565
Tb927_08_v5.1 440123 441033 2.557995453120887
Tb927_08_v5.1 442202 442827 3.415037499278844
Tb927_08_v5.1 562004 563369 5.044394119358453
Tb927_08_v5.1 622452 623399 6.652486494918165
Tb927_08_v5.1 1061176 1061671 4.61797755794912
Tb927_08_v5.1 1101494 1102396 0.28950661719498477
Tb927_08_v5.1 1111111 1111425 0.42626475470209796
Tb927_08_v5.1 1112932 1113656 1.1425633975587446
Tb927_08_v5.1 1120882 1122137 2.0655369626841824
Tb927_08_v5.1 1227544 1228522 2.5443205162238103
Tb927_08_v5.1 1253412 1254229 1.7369655941662063
Tb927_08_v5.1 1259799 1260648 5.784271308944563
Tb927_08_v5.1 1304038 1304913 2.09451759878429
Tb927_08_v5.1 1322259 1322682 1.0
Tb927_08_v5.1 1355538 1356406 3.7808452920391273
Tb927_08_v5.1 1425070 1425596 2.180572245641821
Tb927_08_v5.1 1925462 1926345 8.532031176825825
Tb927_08_v5.1 1941886 1942652 0.6166713604484945
Tb927_08_v5.1 1962101 1962522 2.5025003405291835
Tb927_08_v5.1 1962622 1963460 0.7629608026991507
Tb927_08_v5.1 1972135 1974469 2.8297783613528
Tb927_08_v5.1 1978593 1979091 1.0571439071036088
Tb927_08_v5.1 1979951 1980366 0.7565057805618511
Tb927_09_v5.1 385031 385912 6.014950341465972
Tb927_09_v5.1 401096 402696 1.5193741590935794
Tb927_09_v5.1 410683 411143 0.18057224564182084
Tb927_09_v5.1 416976 418005 3.3692338096657193
Tb927_09_v5.1 418814 419938 5.128474557948809
Tb927_09_v5.1 434947 435769 1.7912669785699182
Tb927_09_v5.1 446662 447395 7.0839224835450905
Tb927_09_v5.1 487987 489639 0.5982593233346142
Tb927_09_v5.1 562723 564146 1.8159169355610283
Tb927_09_v5.1 598798 599188 0.41503749927884376
Tb927_09_v5.1 603399 603840 1.584962500721156
Tb927_09_v5.1 657288 658366 0.5501970825604795
Tb927_09_v5.1 682661 683508 0.15200309344505006
Tb927_09_v5.1 1184975 1185414 3.5906761519155497
Tb927_09_v5.1 1325800 1326112 2.480190178804095
Tb927_09_v5.1 1328720 1329729 1.4010983083209703
Tb927_09_v5.1 1391435 1391909 5.437405312307298
Tb927_09_v5.1 1399614 1400194 1.070389327891398
Tb927_09_v5.1 1415772 1417272 2.1671099858352583
Tb927_09_v5.1 1459687 1460177 3.4059923596758366
Tb927_09_v5.1 1474253 1474628 0.9798221180623697
Tb927_09_v5.1 1475165 1475487 1.6880559936852595
Tb927_09_v5.1 1510239 1510912 0.10309349296410342
Tb927_09_v5.1 1511229 1512240 1.9830092835672992
Tb927_09_v5.1 1527614 1529123 0.9023033261128668
Tb927_09_v5.1 1605735 1606356 0.32930762525295987
Tb927_09_v5.1 1693092 1693758 1.2107342161520736
Tb927_09_v5.1 1754194 1755726 1.9475325801058645
Tb927_09_v5.1 1761842 1762750 8.92184093707449
Tb927_09_v5.1 2112731 2113693 0.41503749927884376
Tb927_09_v5.1 2115791 2116827 1.3758669019981662
Tb927_09_v5.1 2130086 2130995 7.194209653565739
Tb927_09_v5.1 2142216 2142687 2.359895945086383
Tb927_09_v5.1 2236683 2237350 2.078002512001273
Tb927_09_v5.1 2246582 2247192 2.0588936890535687
Tb927_09_v5.1 2500627 2501187 4.857980995127572
Tb927_09_v5.1 2501539 2502050 0.13124453327825272
Tb927_09_v5.1 2849241 2849596 2.429987840744815
Tb927_09_v5.1 2917457 2918313 3.6220518194563764
Tb927_10_v5.1 324798 325312 1.078002512001273
Tb927_10_v5.1 341004 341459 2.321928094887362
Tb927_10_v5.1 347178 349541 0.3416164298094744
Tb927_10_v5.1 384898 385358 2.9068905956085187
Tb927_10_v5.1 388708 389555 2.3536369546147005
Tb927_10_v5.1 402649 403792 0.32004098534309694
Tb927_10_v5.1 407119 409488 1.591958610923206
Tb927_10_v5.1 989134 990160 4.700439718141092
Tb927_10_v5.1 991769 993622 2.0531113364595623
Tb927_10_v5.1 1018570 1019415 2.0339473319233377
Tb927_10_v5.1 1033307 1034111 0.5994620704162714
Tb927_10_v5.1 1093866 1096672 1.4594316186372973
Tb927_10_v5.1 1154235 1154902 5.523561956057013
Tb927_10_v5.1 1455719 1456670 5.694261143211968
Tb927_10_v5.1 1474877 1475233 0.5025003405291834
Tb927_10_v5.1 1487056 1487568 2.043626932400258
Tb927_10_v5.1 1555461 1555839 1.584962500721156
Tb927_10_v5.1 1557327 1558327 2.8983158598705088
Tb927_10_v5.1 1560281 1561337 1.567040592723894
Tb927_10_v5.1 1568565 1568951 2.321928094887362
Tb927_10_v5.1 1574078 1574860 1.7935491225325735
Tb927_10_v5.1 1610910 1611485 0.22239242133644802
Tb927_10_v5.1 1834181 1835296 1.654503433974233
Tb927_10_v5.1 1835316 1836243 6.040746342343309
Tb927_10_v5.1 1856110 1856606 2.0732489820306386
Tb927_10_v5.1 1856635 1857338 1.598259323334614
Tb927_10_v5.1 1873981 1875101 1.222392421336448
Tb927_10_v5.1 1933087 1934192 3.169925001442312
Tb927_10_v5.1 1935904 1936849 3.718087583960517
Tb927_10_v5.1 1973682 1974396 1.15200309344505
Tb927_10_v5.1 1993548 1995008 2.078002512001273
Tb927_10_v5.1 2013945 2015077 0.48250046705758287
Tb927_10_v5.1 2029116 2031133 2.9538515391961107
Tb927_10_v5.1 2033580 2035037 3.3251305269257063
Tb927_10_v5.1 2039565 2040034 0.41503749927884376
Tb927_10_v5.1 2049231 2049622 3.3692338096657193
Tb927_10_v5.1 2542519 2543477 1.925999418556223
Tb927_10_v5.1 2707552 2708675 2.5025003405291835
Tb927_10_v5.1 2722882 2723965 4.604862058158861
Tb927_10_v5.1 2734271 2736332 3.7705181538772328
Tb927_10_v5.1 3014042 3014773 1.0874628412503393
Tb927_10_v5.1 3022282 3022690 0.20419930457047855
Tb927_10_v5.1 3024039 3024936 1.0
Tb927_10_v5.1 3025828 3027370 3.9068905956085187
Tb927_10_v5.1 3057721 3058662 4.123163410565068
Tb927_10_v5.1 3114308 3115697 0.012278329778436693
Tb927_10_v5.1 3137293 3138395 1.043068721891886
Tb927_10_v5.1 3139521 3141205 0.533681995777463
Tb927_10_v5.1 3183394 3184157 0.874469117916141
Tb927_10_v5.1 3207307 3207683 0.8821635097061417
Tb927_10_v5.1 3215624 3217002 1.147341716075187
Tb927_10_v5.1 3217380 3217985 0.30580842952408543
Tb927_10_v5.1 3222150 3222759 4.726623649944747
Tb927_10_v5.1 3226970 3228732 2.4594316186372973
Tb927_10_v5.1 3236322 3237325 3.736965594166206
Tb927_10_v5.1 3240329 3240851 0.6629650127224292
Tb927_10_v5.1 3253701 3256419 1.0588936890535685
Tb927_10_v5.1 3259145 3260076 3.352210661823405
Tb927_10_v5.1 3346357 3347204 0.45456586346548133
Tb927_10_v5.1 3485345 3486996 1.7940825649645669
Tb927_10_v5.1 3499579 3500696 5.412216980216465
Tb927_10_v5.1 3521619 3522032 0.12553088208385882
Tb927_10_v5.1 3533841 3534268 0.28950661719498477
Tb927_10_v5.1 4021769 4022150 1.0
Tb927_11_v5.1 43857 44164 2.9385994553358565
Tb927_11_v5.1 100197 101688 4.130531563142226
Tb927_11_v5.1 150564 151703 6.2384047393250786
Tb927_11_v5.1 515330 516359 1.6538804413958859
Tb927_11_v5.1 711084 712411 2.4882864813094825
Tb927_11_v5.1 745682 746711 4.210634450460276
Tb927_11_v5.1 766962 767536 0.5956097449206649
Tb927_11_v5.1 868651 869236 1.1993088082234067
Tb927_11_v5.1 1214799 1215602 0.8300749985576875
Tb927_11_v5.1 1249077 1250129 0.41503749927884376
Tb927_11_v5.1 1259473 1260563 1.6201519291834563
Tb927_11_v5.1 1272353 1273514 5.1911414873520085
Tb927_11_v5.1 1687338 1687972 2.8300749985576874
Tb927_11_v5.1 1708759 1711223 1.57650092197296
Tb927_11_v5.1 1762664 1763371 2.076541554872993
Tb927_11_v5.1 1777141 1778107 3.3516754382814145
Tb927_11_v5.1 1815560 1815864 0.29956028185890793
Tb927_11_v5.1 1915877 1916769 0.8875252707415875
Tb927_11_v5.1 1922605 1923087 3.8328900141647417
Tb927_11_v5.1 1924168 1925153 3.4594316186372973
Tb927_11_v5.1 1944455 1945262 3.943817164606876
Tb927_11_v5.1 2157836 2158151 3.2854022188622483
Tb927_11_v5.1 2175465 2176368 0.874469117916141
Tb927_11_v5.1 2201294 2202269 4.168142796100303
Tb927_11_v5.1 2230219 2231000 3.321928094887362
Tb927_11_v5.1 2244794 2245114 0.41503749927884376
Tb927_11_v5.1 3436380 3437553 1.384663850235325
Tb927_11_v5.1 3442594 3443801 0.41503749927884376
Tb927_11_v5.1 3490114 3491311 0.9682911402726618
Tb927_11_v5.1 3497313 3497859 0.7978945928085379
Tb927_11_v5.1 3536217 3537153 2.7725895038969273
Tb927_11_v5.1 3538451 3539246 1.4652489452326114
Tb927_11_v5.1 3567825 3569843 1.8722444528016273
Tb927_11_v5.1 3589694 3590269 1.874469117916141
Tb927_11_v5.1 3622967 3623310 2.191760802682785
Tb927_11_v5.1 3925669 3925981 1.0
Tb927_11_v5.1 3934983 3935386 3.4594316186372973
Tb927_11_v5.1 3967254 3968849 4.399930606888636
Tb927_11_v5.1 4007189 4007647 1.4594316186372973
Tb927_11_v5.1 4061832 4062484 1.8501045695169411
Tb927_11_v5.1 4091487 4092016 0.4388842412332114
Tb927_11_v5.1 4092129 4092454 3.9385994553358565
Tb927_11_v5.1 4097922 4098670 2.169925001442312
Tb927_11_v5.1 4115412 4115920 0.45637829465974333
Tb927_11_v5.1 4116488 4116794 0.548520504753096
Tb927_11_v5.1 4130580 4131962 1.6583557594698397
Tb927_11_v5.1 4140526 4142143 1.7162070339994087
Tb927_11_v5.1 4170373 4171204 4.736965594166206
Tb927_11_v5.1 4215492 4217155 0.4048417321729553
Tb927_11_v5.1 4266341 4267017 0.293536494231138
Tb927_11_v5.1 4300345 4300993 1.4854268271702418
Tb927_11_v5.1 4301809 4302340 1.1375035237499351
Tb927_11_v5.1 4308010 4308402 3.0588936890535687
Tb927_11_v5.1 4309147 4309882 3.8830719760904024
Tb927_11_v5.1 4326597 4328407 2.0
Tb927_11_v5.1 4360030 4361655 3.2621629500290488
Tb927_11_v5.1 4395950 4396919 2.228818690495881
Tb927_11_v5.1 4412929 4413456 0.6818240399737453
Tb927_11_v5.1 4418969 4419656 1.9418970454364317
Tb927_11_v5.1 4420644 4421002 3.8328900141647417
Tb927_11_v5.1 4471622 4473043 1.115477217419936
Tb927_11_v5.1 4511519 4512168 0.965784284662087
Tb927_11_v5.1 4972579 4972923 1.7369655941662063
Tb927_11_v5.1 5130680 5131371 1.2963930027802248
