Tb927_01_v5.1 286910 288657 1.3203505167740275
Tb927_01_v5.1 332134 332553 0.41503749927884376
Tb927_01_v5.1 338861 339936 0.37941358954812243
Tb927_01_v5.1 377718 380668 2.4924815847041923
Tb927_01_v5.1 384233 385330 1.4739311883324124
Tb927_01_v5.1 392057 393209 0.275370587271667
Tb927_01_v5.1 398920 400035 2.4681488357384063
Tb927_01_v5.1 425460 426878 2.2223924213364477
Tb927_01_v5.1 436343 437801 0.4297840846480302
Tb927_01_v5.1 468709 469948 0.26206842317909806
Tb927_01_v5.1 483292 484759 2.218264535713771
Tb927_01_v5.1 530515 531421 3.6374299206152916
Tb927_01_v5.1 552022 553048 0.8479969065549501
Tb927_01_v5.1 565423 567614 3.6147098441152083
Tb927_01_v5.1 586201 586814 0.41503749927884376
Tb927_01_v5.1 605897 607511 0.3410369178350669
Tb927_01_v5.1 608236 609318 2.490325626583081
Tb927_01_v5.1 615361 618949 0.07454695336505393
Tb927_01_v5.1 624432 626859 0.9971684092168372
Tb927_01_v5.1 630839 631622 0.5025003405291834
Tb927_01_v5.1 821188 822813 2.732639668763416
Tb927_01_v5.1 843064 844348 2.132155958566566
Tb927_01_v5.1 890282 891598 2.2337971846086973
Tb927_01_v5.1 896537 899935 2.6480725445757947
Tb927_01_v5.1 901697 902675 1.586964853632304
Tb927_01_v5.1 905145 906376 1.6374299206152918
Tb927_01_v5.1 909022 909780 0.796466605914868
Tb927_01_v5.1 960017 961306 1.1499406269881576
Tb927_01_v5.1 961323 963813 4.612254192388896
Tb927_01_v5.1 970764 971460 1.2223924213364477
Tb927_01_v5.1 975367 976039 2.169925001442312
Tb927_01_v5.1 984225 985217 0.22785373400661413
Tb927_01_v5.1 987199 990220 2.426036498228101
Tb927_01_v5.1 994315 994707 1.5806235649968188
Tb927_01_v5.1 1020372 1020994 0.4092551466848378
Tb927_02_v5.1 16923 17226 0.3536369546147006
Tb927_02_v5.1 20130 20879 2.014746585369186
Tb927_02_v5.1 248459 249076 1.1345860403676407
Tb927_02_v5.1 316375 317948 1.1429579538420431
Tb927_02_v5.1 325225 325800 0.7432932141382173
Tb927_02_v5.1 338973 339995 2.4374053123072983
Tb927_02_v5.1 353891 355226 2.8024394316434877
Tb927_02_v5.1 518997 519558 1.584962500721156
Tb927_02_v5.1 544853 547260 1.9566962157791394
Tb927_02_v5.1 565268 567624 2.521952703195356
Tb927_02_v5.1 593702 594846 0.5849625007211562
Tb927_02_v5.1 596360 597395 1.1259088972939058
Tb927_02_v5.1 600627 600933 1.4968315904424911
Tb927_02_v5.1 604174 604493 0.874469117916141
Tb927_02_v5.1 610865 611432 0.07800251200127316
Tb927_02_v5.1 1021180 1022226 1.7165014916064905
Tb927_02_v5.1 1043310 1044331 1.126177106077145
Tb927_02_v5.1 1044550 1045538 0.5395825972171472
Tb927_02_v5.1 1046049 1047398 0.9857861407802992
Tb927_02_v5.1 1059149 1059599 2.9068905956085187
Tb927_02_v5.1 1089711 1091101 2.067114195858537
Tb927_02_v5.1 1092363 1092828 1.893084796083488
Tb927_02_v5.1 1109432 1111858 4.383966053345838
Tb927_02_v5.1 1119852 1122275 3.4437329322793095
Tb927_02_v5.1 1129614 1132467 2.963474123974886
Tb927_02_v5.1 1140425 1142610 4.958069319534082
Tb927_02_v5.1 1150963 1153146 6.7073591320808825
Tb927_02_v5.1 1161378 1164020 6.271151733256303
Tb927_03_v5.1 16059 17516 2.357552004618084
Tb927_03_v5.1 22752 23310 1.2654611432283338
Tb927_03_v5.1 23739 24288 1.7214247432704282
Tb927_03_v5.1 35166 35900 1.4150374992788437
Tb927_03_v5.1 39269 39837 1.3514723705013778
Tb927_03_v5.1 41196 41857 3.0238467419543675
Tb927_03_v5.1 46913 47988 2.6390391734769487
Tb927_03_v5.1 48293 49102 3.1015380264620624
Tb927_03_v5.1 54212 56622 1.3058084295240855
Tb927_03_v5.1 57138 58054 6.639039173476949
Tb927_03_v5.1 59479 60618 0.5579954531208869
Tb927_03_v5.1 70901 72028 3.5443205162238103
Tb927_03_v5.1 74837 76178 1.097675931055693
Tb927_03_v5.1 82959 85894 1.4759197414258665
Tb927_03_v5.1 86710 87315 2.0588936890535687
Tb927_03_v5.1 88527 89907 2.220980091276628
Tb927_03_v5.1 93477 93903 0.070389327891398
Tb927_03_v5.1 101934 102873 0.9240511467667015
Tb927_03_v5.1 103741 104996 4.215012890970851
Tb927_03_v5.1 105240 106375 1.2730184944064158
Tb927_03_v5.1 106685 107252 0.7078192485066896
Tb927_03_v5.1 147277 150014 3.2469537064265994
Tb927_03_v5.1 231007 231932 4.5339785720023515
Tb927_03_v5.1 236433 239122 2.553451527975939
Tb927_03_v5.1 248819 250103 0.838248930003388
Tb927_03_v5.1 253988 254666 0.7369655941662062
Tb927_03_v5.1 254783 255469 2.807354922057604
Tb927_03_v5.1 263381 264237 3.3058084295240855
Tb927_03_v5.1 272626 273390 4.281286110390017
Tb927_03_v5.1 280135 281299 0.18057224564182084
Tb927_03_v5.1 298365 299155 2.0057136511943936
Tb927_03_v5.1 322967 324384 1.7548875021634684
Tb927_03_v5.1 351388 352237 1.6374299206152918
Tb927_03_v5.1 616055 617931 0.874469117916141
Tb927_03_v5.1 619241 620086 2.5025003405291835
Tb927_03_v5.1 625896 626487 2.039301650107301
Tb927_03_v5.1 986581 988074 3.085575731706074
Tb927_03_v5.1 1012239 1013541 1.3706433799203903
Tb927_03_v5.1 1014431 1015072 0.5685516073433877
Tb927_03_v5.1 1016807 1018550 0.15200309344505006
Tb927_03_v5.1 1030479 1030846 1.0931094043914815
Tb927_03_v5.1 1031520 1034292 1.518260001269394
Tb927_03_v5.1 1048184 1048733 4.350497247084133
Tb927_03_v5.1 1050863 1051862 1.9525746538072632
Tb927_03_v5.1 1053982 1054980 1.724998179646606
Tb927_03_v5.1 1055516 1058262 3.3081222953623315
Tb927_03_v5.1 1066085 1066989 1.1312445332782528
Tb927_03_v5.1 1113383 1115551 1.4284165290800437
Tb927_03_v5.1 1116159 1116615 0.18057224564182084
Tb927_03_v5.1 1401314 1402390 1.7725895038969275
Tb927_03_v5.1 1407224 1407576 0.36004346745891164
Tb927_03_v5.1 1412501 1414381 1.8894416248523014
Tb927_03_v5.1 1417490 1418057 2.2360673582335244
Tb927_03_v5.1 1418142 1419112 1.7094098716456447
Tb927_03_v5.1 1423596 1425416 0.5173992169085216
Tb927_03_v5.1 1428183 1429483 2.6009040445901777
Tb927_03_v5.1 1439802 1441904 1.6720481174848678
Tb927_03_v5.1 1445203 1446146 0.44745897697122117
Tb927_03_v5.1 1454525 1456074 2.2515387669959646
Tb927_03_v5.1 1458951 1459645 0.6530267756663102
Tb927_03_v5.1 1475142 1475832 3.559322679563057
Tb927_03_v5.1 1503754 1504556 3.5443205162238103
Tb927_03_v5.1 1545418 1547484 3.2921484326940194
Tb927_03_v5.1 1558719 1560433 3.5815478363083915
Tb927_03_v5.1 1562576 1563995 0.21691035632003233
Tb927_03_v5.1 1582326 1583783 0.8269623866903519
Tb927_03_v5.1 1590428 1591081 3.584962500721156
Tb927_03_v5.1 1602491 1603024 0.2666729828971421
Tb927_04_v5.1 559948 560618 1.0365258760251141
Tb927_04_v5.1 586096 587802 3.0
Tb927_04_v5.1 603730 605053 2.6595094540862103
Tb927_04_v5.1 624042 624783 0.25715783949712445
Tb927_04_v5.1 629185 629607 4.854660636835961
Tb927_04_v5.1 667292 669442 1.0149503414659715
Tb927_04_v5.1 669508 670390 2.9541963103868754
Tb927_04_v5.1 705716 706408 0.47916783669855956
Tb927_04_v5.1 710830 713568 1.0563824698975186
Tb927_04_v5.1 713595 714856 0.8964438081734027
Tb927_04_v5.1 723465 726137 2.0170735133589415
Tb927_04_v5.1 733934 734800 1.7172697928252865
Tb927_04_v5.1 744595 745149 0.16901907046065134
Tb927_04_v5.1 750994 752065 2.508819645599461
Tb927_04_v5.1 764459 765486 1.534954672827779
Tb927_04_v5.1 773657 775336 0.5803752312255044
Tb927_04_v5.1 802673 803711 0.8115549105868897
Tb927_04_v5.1 811096 812549 2.788917673800928
Tb927_05_v5.1 40043 41781 0.21299372333419844
Tb927_05_v5.1 44608 44936 3.807354922057604
Tb927_05_v5.1 48947 49348 0.7369655941662062
Tb927_05_v5.1 55746 56390 2.228818690495881
Tb927_05_v5.1 57940 58823 0.9757524537533229
Tb927_05_v5.1 311116 312520 1.0919723794744458
Tb927_05_v5.1 320141 321081 0.8368991976716195
Tb927_05_v5.1 327635 329776 1.4694852833012202
Tb927_05_v5.1 330452 332273 3.292781749227846
Tb927_05_v5.1 337635 340633 2.398549376490275
Tb927_05_v5.1 352535 355115 2.3478807905638295
Tb927_05_v5.1 357048 358473 2.0261128403191315
Tb927_05_v5.1 360350 361788 2.252980741169871
Tb927_05_v5.1 373692 375588 2.225559700415131
Tb927_05_v5.1 399671 400889 0.3788448476554629
Tb927_05_v5.1 412396 413755 3.700439718141092
Tb927_05_v5.1 440558 442156 1.6674246609131291
Tb927_05_v5.1 447467 449300 0.32192809488736235
Tb927_05_v5.1 461801 465806 2.9827220085681647
Tb927_05_v5.1 466126 467805 2.2954558835261714
Tb927_05_v5.1 476618 477537 1.877703861515442
Tb927_05_v5.1 484178 486827 2.540881432257039
Tb927_05_v5.1 489812 490801 1.8098240225077737
Tb927_05_v5.1 566565 567141 0.09310940439148145
Tb927_05_v5.1 591675 592143 4.54432051622381
Tb927_05_v5.1 648443 649405 0.6759975768747792
Tb927_05_v5.1 660731 661079 1.15200309344505
Tb927_05_v5.1 664301 665209 0.1909141898632799
Tb927_05_v5.1 672188 673140 2.7935491225325735
Tb927_05_v5.1 673323 674790 1.7853827232169093
Tb927_05_v5.1 675986 676954 1.2829339632714987
Tb927_05_v5.1 676961 678771 3.109917692078035
Tb927_05_v5.1 683067 683909 3.3968901525685844
Tb927_05_v5.1 683995 686442 3.08037341646402
Tb927_05_v5.1 784629 785407 3.5025003405291835
Tb927_05_v5.1 785486 786286 3.0874628412503395
Tb927_05_v5.1 809480 811345 1.222392421336448
Tb927_05_v5.1 817100 817752 0.15200309344505006
Tb927_05_v5.1 828906 830811 2.971671276941506
Tb927_05_v5.1 877689 878693 1.1154772174199359
Tb927_05_v5.1 899980 900805 1.6629650127224291
Tb927_05_v5.1 911961 912629 1.3808217839409307
Tb927_05_v5.1 913269 914678 0.5421494171821831
Tb927_05_v5.1 926846 927802 1.6930222465786091
Tb927_05_v5.1 988186 989711 1.4405725913859815
Tb927_05_v5.1 990678 991132 2.736965594166206
Tb927_05_v5.1 1162999 1164552 0.289506617194985
Tb927_05_v5.1 1165003 1165636 1.1940106199666256
Tb927_05_v5.1 1177027 1177774 1.9510903995190534
Tb927_05_v5.1 1189648 1190347 1.1154772174199359
Tb927_05_v5.1 1197191 1199501 2.9323131924884254
Tb927_05_v5.1 1204854 1206195 4.142957953842043
Tb927_05_v5.1 1219427 1220454 1.15200309344505
Tb927_05_v5.1 1237805 1239219 1.9798221180623699
Tb927_05_v5.1 1247732 1249251 2.464281018298693
Tb927_05_v5.1 1251569 1252807 0.5888669551770721
Tb927_05_v5.1 1289071 1289393 0.8054969758370218
Tb927_05_v5.1 1292971 1293544 2.019899557437705
Tb927_05_v5.1 1416064 1417205 1.4807044169278387
Tb927_05_v5.1 1417985 1418830 0.23946593469538943
Tb927_05_v5.1 1423131 1424055 0.6648158084103709
Tb927_05_v5.1 1680632 1681840 0.7413307867276081
Tb927_05_v5.1 1684418 1684977 0.32192809488736235
Tb927_05_v5.1 1794152 1794479 1.8744691179161412
Tb927_06_v5.1 23321 25681 0.48024151021755607
Tb927_06_v5.1 37276 38844 1.0071597915728658
Tb927_06_v5.1 81253 82827 1.2879807629640245
Tb927_06_v5.1 90192 90524 2.3378696387563838
Tb927_06_v5.1 205994 207181 2.0892079667091537
Tb927_06_v5.1 207856 209190 2.8907709302452416
Tb927_06_v5.1 314155 315001 1.6726151827561486
Tb927_06_v5.1 706768 708303 3.1154772174199357
Tb927_06_v5.1 720757 721324 0.07800251200127316
Tb927_06_v5.1 728140 728956 0.7369655941662062
Tb927_06_v5.1 741410 742969 1.5360529002402097
Tb927_06_v5.1 743916 745606 1.2321734421290333
Tb927_06_v5.1 760245 762076 1.5752145241695938
Tb927_06_v5.1 768256 769155 2.4405725913859815
Tb927_06_v5.1 773612 774843 2.92184093707449
Tb927_06_v5.1 809416 810663 2.5857558441785358
Tb927_06_v5.1 826015 826817 1.9385994553358568
Tb927_06_v5.1 837866 839470 3.511899038531433
Tb927_06_v5.1 845189 847092 0.7968094516961602
Tb927_06_v5.1 852397 855607 0.8019079804749307
Tb927_06_v5.1 856902 857638 0.6374299206152918
Tb927_06_v5.1 857683 859561 3.913288366806669
Tb927_06_v5.1 867366 869588 1.2830825491968465
Tb927_06_v5.1 881768 882803 0.5025003405291834
Tb927_06_v5.1 890895 891590 0.32192809488736235
Tb927_06_v5.1 919380 920663 4.154577037108877
Tb927_06_v5.1 924951 926087 1.7587151775566612
Tb927_06_v5.1 974022 975021 1.874469117916141
Tb927_06_v5.1 978645 980359 0.15200309344505006
Tb927_06_v5.1 984084 985068 0.7520724865564145
Tb927_06_v5.1 1285314 1285651 1.1805722456418208
Tb927_06_v5.1 1287054 1288215 3.841302253980942
Tb927_06_v5.1 1302756 1303891 1.7948465102467062
Tb927_06_v5.1 1316015 1317778 2.7069530250997667
Tb927_06_v5.1 1321224 1322698 2.557995453120887
Tb927_06_v5.1 1332196 1333660 2.929610672108602
Tb927_06_v5.1 1335949 1336970 1.0395283641866373
Tb927_06_v5.1 1338766 1340353 1.1754593222481682
Tb927_06_v5.1 1345703 1346792 0.289506617194985
Tb927_06_v5.1 1347785 1348898 0.22239242133644802
Tb927_06_v5.1 1349887 1351003 0.6166713604484945
Tb927_06_v5.1 1351995 1353108 0.6951454184715792
Tb927_06_v5.1 1354109 1355215 0.38401060365821943
Tb927_06_v5.1 1356207 1357319 0.32698132261364765
Tb927_06_v5.1 1358312 1359418 0.6467677851946279
Tb927_06_v5.1 1360411 1361527 0.5081469036703253
Tb927_06_v5.1 1384724 1387232 1.3949915570770857
Tb927_06_v5.1 1397276 1397641 0.6374299206152918
Tb927_06_v5.1 1401371 1403012 0.23627201034265372
Tb927_06_v5.1 1438300 1438651 0.8400590871303099
Tb927_06_v5.1 1439567 1441307 0.22239242133644802
Tb927_07_v5.1 735 1356 0.9475325801058645
Tb927_07_v5.1 2528 4291 2.2352164616940313
Tb927_07_v5.1 4454 5022 1.1699250014423124
Tb927_07_v5.1 6195 8251 3.3938432770097204
Tb927_07_v5.1 11558 12002 2.584962500721156
Tb927_07_v5.1 12489 13783 1.8903479972161055
Tb927_07_v5.1 47384 47823 0.22239242133644802
Tb927_07_v5.1 55496 57889 0.615336149764675
Tb927_07_v5.1 288685 289398 1.0806184602082847
Tb927_07_v5.1 305839 307395 0.6934869574993252
Tb927_07_v5.1 336009 337622 3.7842713089445628
Tb927_07_v5.1 419004 420384 1.5453455216245746
Tb927_07_v5.1 425281 426350 2.6502539609728752
Tb927_07_v5.1 460377 460967 1.4980268639498753
Tb927_07_v5.1 462963 463272 1.2630344058337937
Tb927_07_v5.1 714226 715053 2.807354922057604
Tb927_07_v5.1 721545 722606 1.6166713604484944
Tb927_07_v5.1 722660 723125 2.273018494406416
Tb927_07_v5.1 739463 739845 0.08246216019197297
Tb927_07_v5.1 751593 753285 2.584962500721156
Tb927_07_v5.1 767622 769483 1.620151929183456
Tb927_07_v5.1 778742 779380 0.37673361110220444
Tb927_07_v5.1 821988 822656 2.8907709302452416
Tb927_07_v5.1 828800 830321 0.33841621767593133
Tb927_07_v5.1 972285 972851 0.2941831044044582
Tb927_07_v5.1 972982 974087 1.222392421336448
Tb927_07_v5.1 1044890 1046483 1.2730184944064158
Tb927_07_v5.1 1049751 1051147 1.842803758061894
Tb927_07_v5.1 1061086 1063174 1.9068905956085185
Tb927_07_v5.1 1066472 1067222 0.32192809488736235
Tb927_07_v5.1 1111929 1113430 2.990666782312791
Tb927_07_v5.1 1115615 1117448 2.7252203864931066
Tb927_07_v5.1 1118095 1119312 1.5928944452234015
Tb927_07_v5.1 1330557 1331684 0.22239242133644802
Tb927_07_v5.1 1361076 1362708 0.381151505126434
Tb927_07_v5.1 1364573 1365841 2.9002212643575516
Tb927_07_v5.1 1391851 1392615 1.797507136101257
Tb927_07_v5.1 1420844 1421484 4.626262129759986
Tb927_07_v5.1 1425610 1426944 4.261311410628751
Tb927_07_v5.1 1435936 1436797 1.874469117916141
Tb927_07_v5.1 1536311 1537776 2.4170547846798445
Tb927_07_v5.1 1558505 1560183 3.845025340023659
Tb927_07_v5.1 1748861 1749589 2.6880559936852597
Tb927_07_v5.1 1769812 1771390 0.4996821827232774
Tb927_07_v5.1 1779702 1781731 1.8187596853298535
Tb927_07_v5.1 1783148 1784379 0.9680098857555629
Tb927_07_v5.1 2179715 2180590 3.2765675614874867
Tb927_07_v5.1 2187146 2187937 3.949016071281195
Tb927_08_v5.1 1786 2334 1.3219280948873624
Tb927_08_v5.1 6993 7448 1.0607540310790966
Tb927_08_v5.1 8824 9512 3.8744691179161412
Tb927_08_v5.1 18584 18940 0.874469117916141
Tb927_08_v5.1 25204 27262 1.874469117916141
Tb927_08_v5.1 27286 28441 3.7318038890504273
Tb927_08_v5.1 36273 36793 1.874469117916141
Tb927_08_v5.1 45705 46967 3.584962500721156
Tb927_08_v5.1 47514 50467 3.169925001442312
Tb927_08_v5.1 68704 69480 2.212050477114989
Tb927_08_v5.1 70332 70734 0.03394733192333784
Tb927_08_v5.1 85733 86279 1.3902341082782712
Tb927_08_v5.1 86769 87221 0.5025003405291834
Tb927_08_v5.1 88504 89170 1.2035333940851318
Tb927_08_v5.1 93114 93479 0.7369655941662062
Tb927_08_v5.1 93597 94001 2.0
Tb927_08_v5.1 127348 127725 0.2398270146724687
Tb927_08_v5.1 463005 463924 1.5305147166987798
Tb927_08_v5.1 511931 514510 2.091498354485496
Tb927_08_v5.1 529434 531493 4.266786540694901
Tb927_08_v5.1 703950 704753 0.3490602685992475
Tb927_08_v5.1 735870 736694 3.564784618783526
Tb927_08_v5.1 746007 746323 2.736965594166206
Tb927_08_v5.1 772982 775105 1.4496604642139406
Tb927_08_v5.1 783082 785192 0.070389327891398
Tb927_08_v5.1 791437 791833 0.7369655941662062
Tb927_08_v5.1 829767 831434 3.1503627350637946
Tb927_08_v5.1 832411 834885 2.87894606500263
Tb927_08_v5.1 835907 837810 1.7506405310632827
Tb927_08_v5.1 855027 855729 0.4617307347268854
Tb927_08_v5.1 856449 857920 0.9193233537004014
Tb927_08_v5.1 905353 906778 0.289506617194985
Tb927_08_v5.1 939651 940803 2.3776122274650406
Tb927_08_v5.1 942440 942794 2.584962500721156
Tb927_08_v5.1 966685 967330 1.6784835744094497
Tb927_08_v5.1 980893 982472 1.4266254735540556
Tb927_08_v5.1 1001790 1002340 0.6280312226130421
Tb927_08_v5.1 1015638 1016779 0.7637656535099214
Tb927_08_v5.1 1020064 1021998 1.2035333940851318
Tb927_08_v5.1 1030387 1032501 0.7580528642190411
Tb927_08_v5.1 1494664 1496303 0.3353103068081096
Tb927_08_v5.1 1501599 1502433 0.6951454184715792
Tb927_08_v5.1 1507579 1509708 1.7454826771960632
Tb927_08_v5.1 1523467 1525588 4.273018494406416
Tb927_08_v5.1 1534091 1535226 2.777607578663552
Tb927_08_v5.1 1546999 1548230 0.4780472968046442
Tb927_08_v5.1 1549096 1550263 2.833827133418795
Tb927_08_v5.1 1562922 1564657 0.7954612434763506
Tb927_08_v5.1 1572022 1572888 3.397695602505327
Tb927_08_v5.1 1659295 1660189 0.9085769722364051
Tb927_08_v5.1 1671875 1672207 1.2428565238961635
Tb927_08_v5.1 1672368 1673134 1.1030934929641034
Tb927_08_v5.1 1704229 1704931 3.49777793028678
Tb927_08_v5.1 1708771 1711096 0.8538142331502643
Tb927_08_v5.1 1753452 1754287 2.4563782946597432
Tb927_08_v5.1 1758385 1759027 0.04306872189188593
Tb927_08_v5.1 1806916 1808322 1.751320887143276
Tb927_08_v5.1 1812307 1812657 2.9510903995190536
Tb927_08_v5.1 1812846 1813270 2.4739311883324127
Tb927_08_v5.1 1822606 1823770 4.196397212803503
Tb927_08_v5.1 1836951 1837903 0.289506617194985
Tb927_08_v5.1 1862259 1863196 0.6361412246467193
Tb927_08_v5.1 1865674 1868158 3.1307036916445936
Tb927_08_v5.1 2051723 2053448 0.9696263509564811
Tb927_08_v5.1 2089198 2090512 2.6482884360899854
Tb927_08_v5.1 2115256 2117087 0.5133395728906477
Tb927_08_v5.1 2129028 2129563 0.9652345818393233
Tb927_08_v5.1 2134726 2135146 0.7026140893754291
Tb927_08_v5.1 2187695 2189542 2.2479275134435857
Tb927_08_v5.1 2222989 2224125 0.506185387337039
Tb927_08_v5.1 2224798 2225894 1.584962500721156
Tb927_08_v5.1 2265344 2266250 0.8450253400236593
Tb927_08_v5.1 2267191 2268288 3.3692338096657193
Tb927_08_v5.1 2296244 2297376 4.984893107609792
Tb927_08_v5.1 2298088 2298964 2.237039197300849
Tb927_08_v5.1 2303369 2303911 1.94868122271502
Tb927_08_v5.1 2309592 2310116 1.1375035237499351
Tb927_08_v5.1 2319496 2320052 0.6560455987826387
Tb927_08_v5.1 2348719 2350195 0.2801079191927352
Tb927_08_v5.1 2384049 2385632 2.188506427184038
Tb927_08_v5.1 2405006 2406949 0.3188221840195407
Tb927_08_v5.1 2455159 2456654 4.582097167026767
Tb927_08_v5.1 2458416 2460214 0.1408625358398497
Tb927_08_v5.1 2465233 2466307 1.6896795077582814
Tb927_08_v5.1 2470404 2471128 0.4739311883324125
Tb927_09_v5.1 24791 26151 1.1085244567781691
Tb927_09_v5.1 27583 28030 1.9844031449489814
Tb927_09_v5.1 29206 31196 3.100370325029728
Tb927_09_v5.1 31941 32446 1.0395283641866375
Tb927_09_v5.1 46205 46923 1.2502266295331737
Tb927_09_v5.1 47689 48810 2.0279540615710014
Tb927_09_v5.1 53848 55172 2.8875252707415875
Tb927_09_v5.1 66586 67748 1.723790205418473
Tb927_09_v5.1 72660 74561 0.8582360910597882
Tb927_09_v5.1 91481 93584 3.0280143761695966
Tb927_09_v5.1 93590 93964 3.4882864813094825
Tb927_09_v5.1 99170 99608 0.5849625007211562
Tb927_09_v5.1 107188 108052 0.8314302781696986
Tb927_09_v5.1 108334 109388 2.670178502955004
Tb927_09_v5.1 116377 117937 0.6110182897844961
Tb927_09_v5.1 123461 123825 0.561878887608115
Tb927_09_v5.1 128652 129526 4.7489382358322825
Tb927_09_v5.1 131233 131585 0.5305147166987798
Tb927_09_v5.1 133104 134664 2.643856189774725
Tb927_09_v5.1 148138 148614 1.7369655941662063
Tb927_09_v5.1 189593 190274 1.159198594849254
Tb927_09_v5.1 191799 193121 1.6183210976675872
Tb927_09_v5.1 208135 208856 0.5610692944101637
Tb927_09_v5.1 210426 211578 2.4681488357384063
Tb927_09_v5.1 224658 225218 1.369233809665719
Tb927_09_v5.1 229688 230545 0.07063554259306035
Tb927_09_v5.1 248032 249926 2.975125331360971
Tb927_09_v5.1 259537 259972 0.874469117916141
Tb927_09_v5.1 260031 260698 2.654503433974233
Tb927_09_v5.1 262085 262714 0.9652345818393233
Tb927_09_v5.1 267479 268791 4.54432051622381
Tb927_09_v5.1 278118 278423 0.7369655941662062
Tb927_09_v5.1 278548 280701 3.550034167418204
Tb927_09_v5.1 284393 285001 1.1228567477855333
Tb927_09_v5.1 293293 294748 3.0588936890535687
Tb927_09_v5.1 307138 307911 2.841302253980942
Tb927_09_v5.1 312779 313380 1.6265416044725556
Tb927_09_v5.1 315105 316356 2.162271428898877
Tb927_09_v5.1 320448 323092 3.488009093298459
Tb927_09_v5.1 692352 693643 0.0062319537115145245
Tb927_09_v5.1 717138 718327 0.03683676818037154
Tb927_09_v5.1 719094 720087 0.7078192485066899
Tb927_09_v5.1 792864 795026 2.2253336966485704
Tb927_09_v5.1 796615 797384 3.169925001442312
Tb927_09_v5.1 800102 800878 4.3339007365534385
Tb927_09_v5.1 809715 812464 1.0664516493298368
Tb927_09_v5.1 825120 826302 2.029747343394052
Tb927_09_v5.1 827019 828494 3.6104975928282936
Tb927_09_v5.1 832236 833468 2.807354922057604
Tb927_09_v5.1 836941 837711 0.708768702335554
Tb927_09_v5.1 864710 868127 0.9645946638688011
Tb927_09_v5.1 895740 897163 0.0879476992757027
Tb927_09_v5.1 913823 915377 0.3748981084256294
Tb927_09_v5.1 917773 919060 0.8536105130184768
Tb927_09_v5.1 926820 927681 2.736965594166206
Tb927_09_v5.1 953209 954685 0.19639721280350333
Tb927_09_v5.1 959829 960688 1.7004397181410922
Tb927_09_v5.1 972686 974363 1.0534392589614605
Tb927_09_v5.1 984545 985104 0.37851162325372983
Tb927_09_v5.1 986009 987828 2.2368745248841786
Tb927_09_v5.1 989770 990357 2.321928094887362
Tb927_09_v5.1 997854 999003 2.807354922057604
Tb927_09_v5.1 1002272 1003116 1.3219280948873624
Tb927_09_v5.1 1007873 1008804 1.969626350956481
Tb927_09_v5.1 1018469 1020710 1.0450878895285383
Tb927_09_v5.1 1065566 1066256 2.415037499278844
Tb927_09_v5.1 1066803 1067598 3.554588851677637
Tb927_09_v5.1 1123548 1124842 1.6244908649077934
Tb927_09_v5.1 1126428 1127358 1.9385994553358568
Tb927_09_v5.1 1129201 1130384 1.4150374992788437
Tb927_09_v5.1 1146320 1146889 0.4959574946624111
Tb927_09_v5.1 1148603 1150258 1.5128848226769884
Tb927_09_v5.1 1152908 1154357 2.3687819083179713
Tb927_09_v5.1 1776254 1777116 1.1841899675039502
Tb927_09_v5.1 1784051 1785726 4.316857105339941
Tb927_09_v5.1 1793082 1794852 1.874469117916141
Tb927_09_v5.1 1796263 1797338 1.874469117916141
Tb927_09_v5.1 1808980 1812711 4.157253354132253
Tb927_09_v5.1 1823221 1825097 0.3815282370885927
Tb927_09_v5.1 1826830 1827435 0.9385994553358568
Tb927_09_v5.1 1834208 1835422 0.6966078565500652
Tb927_09_v5.1 1836002 1837250 0.9473853738365783
Tb927_09_v5.1 1837813 1839758 0.9175378398080271
Tb927_09_v5.1 1867724 1869131 4.058893689053568
Tb927_09_v5.1 1895906 1898111 1.5833089818686426
Tb927_09_v5.1 1920646 1923387 0.7634378055273973
Tb927_09_v5.1 1925125 1925654 5.528779665328032
Tb927_09_v5.1 1927388 1928913 4.53743413063857
Tb927_09_v5.1 1950762 1951629 1.073657041725309
Tb927_09_v5.1 1964144 1966447 0.9624365870435168
Tb927_09_v5.1 1997693 1999279 1.2260680794798462
Tb927_09_v5.1 2003629 2004607 1.078002512001273
Tb927_09_v5.1 2024000 2025158 1.4754490159746656
Tb927_09_v5.1 2027092 2028398 1.9744649078928624
Tb927_09_v5.1 2029491 2030881 2.584962500721156
Tb927_09_v5.1 2068770 2072024 1.5364756267288198
Tb927_09_v5.1 2275298 2275987 2.6131823743686144
Tb927_09_v5.1 2283467 2283864 0.16025719465770638
Tb927_09_v5.1 2351929 2352666 2.969626350956481
Tb927_09_v5.1 2354939 2355920 1.298223834296094
Tb927_09_v5.1 2377854 2379860 4.452126818014064
Tb927_09_v5.1 2387705 2388761 1.7914133781885826
Tb927_09_v5.1 2407865 2409879 3.108934371553164
Tb927_09_v5.1 2417699 2419888 2.807354922057604
Tb927_09_v5.1 2420261 2421254 4.068479737882766
Tb927_09_v5.1 2479356 2480461 1.222392421336448
Tb927_09_v5.1 2527688 2528451 1.4150374992788437
Tb927_09_v5.1 2565192 2565742 0.5025003405291834
Tb927_09_v5.1 2567549 2568794 5.578267848147148
Tb927_09_v5.1 2570164 2571594 2.321928094887362
Tb927_09_v5.1 2589052 2589509 1.2730184944064158
Tb927_09_v5.1 2589601 2590776 0.8382489300033878
Tb927_09_v5.1 2591102 2591535 0.04306872189188593
Tb927_09_v5.1 2599266 2599832 2.052962765835788
Tb927_09_v5.1 2602522 2606273 2.2753855089503325
Tb927_09_v5.1 2607936 2608309 2.321928094887362
Tb927_09_v5.1 2624080 2625208 3.156504485679991
Tb927_09_v5.1 2625234 2625724 1.4827821059146782
Tb927_09_v5.1 2629290 2630413 5.938599455335857
Tb927_09_v5.1 2630660 2632391 3.091498354485496
Tb927_09_v5.1 2634055 2635659 5.763765653509921
Tb927_09_v5.1 2717104 2718028 1.7949711976017717
Tb927_09_v5.1 2718553 2720593 2.7024933769090667
Tb927_09_v5.1 2722274 2723266 1.0140751852117227
Tb927_09_v5.1 2736098 2737192 3.6667565918848033
Tb927_09_v5.1 2739234 2740466 2.5305147166987796
Tb927_09_v5.1 2797278 2799629 1.1009289088507808
Tb927_09_v5.1 2868686 2869759 2.0238467419543675
Tb927_09_v5.1 2877452 2879396 1.0684797378827666
Tb927_09_v5.1 2966321 2967378 2.584962500721156
Tb927_09_v5.1 2968407 2969200 1.8744691179161412
Tb927_09_v5.1 2971652 2974099 4.2375788251511235
Tb927_09_v5.1 2975377 2978378 1.8003276551636356
Tb927_09_v5.1 3019096 3019776 0.38187063534364446
Tb927_09_v5.1 3022037 3022338 0.777607578663552
Tb927_09_v5.1 3026544 3027760 0.5849625007211562
Tb927_09_v5.1 3034050 3034555 0.41503749927884376
Tb927_09_v5.1 3041829 3042167 0.12553088208385882
Tb927_10_v5.1 72183 74006 1.4150374992788437
Tb927_10_v5.1 74743 76049 2.375039431346925
Tb927_10_v5.1 76859 77228 0.41503749927884376
Tb927_10_v5.1 77310 77832 1.1101829177504232
Tb927_10_v5.1 79212 80234 3.9612304298354246
Tb927_10_v5.1 84625 84960 0.9510903995190534
Tb927_10_v5.1 85096 87028 1.0799993220652198
Tb927_10_v5.1 88305 89699 1.3625700793847084
Tb927_10_v5.1 96087 96997 0.9751253313609706
Tb927_10_v5.1 116503 118006 2.8338557381722116
Tb927_10_v5.1 135923 136983 1.1699250014423124
Tb927_10_v5.1 140561 141239 2.4374053123072983
Tb927_10_v5.1 142584 144421 3.245756414401958
Tb927_10_v5.1 165992 166997 0.021695071099318976
Tb927_10_v5.1 186464 186938 1.3219280948873624
Tb927_10_v5.1 189887 190734 2.264594919821411
Tb927_10_v5.1 193972 195206 1.8382489300033877
Tb927_10_v5.1 201986 203431 1.584962500721156
Tb927_10_v5.1 204088 205632 0.8154146918515557
Tb927_10_v5.1 213239 215751 0.765534746362977
Tb927_10_v5.1 217087 218491 2.3081222953623315
Tb927_10_v5.1 224016 226431 0.6897704264965117
Tb927_10_v5.1 452750 453840 2.5511741872648726
Tb927_10_v5.1 494056 494786 3.5025003405291835
Tb927_10_v5.1 518506 519593 0.253756592245783
Tb927_10_v5.1 544668 545165 3.3795388180574575
Tb927_10_v5.1 546219 547411 3.4483834851995194
Tb927_10_v5.1 548396 549532 3.586107042662097
Tb927_10_v5.1 550243 551738 4.00403175401905
Tb927_10_v5.1 564432 565358 4.202282044957209
Tb927_10_v5.1 580290 582528 3.0434222802911286
Tb927_10_v5.1 594086 594526 1.222392421336448
Tb927_10_v5.1 606641 607659 2.336107030057124
Tb927_10_v5.1 611919 614721 1.4474589769712212
Tb927_10_v5.1 650107 651981 2.109121722380112
Tb927_10_v5.1 654285 655217 0.9004643264490856
Tb927_10_v5.1 659666 661416 2.062735755347963
Tb927_10_v5.1 661430 662932 1.0155968550510186
Tb927_10_v5.1 684016 685366 1.3839934840502746
Tb927_10_v5.1 687733 689378 3.4656635723488116
Tb927_10_v5.1 745623 746137 2.584962500721156
Tb927_10_v5.1 747189 747947 0.5760293759511484
Tb927_10_v5.1 756087 756636 0.3025627700204313
Tb927_10_v5.1 830340 832005 4.187627003175772
Tb927_10_v5.1 839029 839916 1.0975040660461814
Tb927_10_v5.1 844801 845608 4.444784842672895
Tb927_10_v5.1 870682 872434 1.0732489820306386
Tb927_10_v5.1 878924 880183 3.222392421336448
Tb927_10_v5.1 883697 885520 0.30400618689010017
Tb927_10_v5.1 902877 904312 1.6825178101438298
Tb927_10_v5.1 916268 917224 4.115477217419936
Tb927_10_v5.1 923260 924575 1.6629650127224291
Tb927_10_v5.1 931160 932278 1.0149503414659715
Tb927_10_v5.1 933232 933858 2.584962500721156
Tb927_10_v5.1 1113069 1113800 1.6629650127224291
Tb927_10_v5.1 1255780 1256951 0.25525705524207465
Tb927_10_v5.1 1267129 1269896 1.5549677604233187
Tb927_10_v5.1 1296804 1297369 0.49138838540895863
Tb927_10_v5.1 1302933 1306144 1.5962866957616872
Tb927_10_v5.1 1313214 1314613 1.6444765703651871
Tb927_10_v5.1 1347937 1350737 0.5688428353578793
Tb927_10_v5.1 1354518 1355579 2.1154772174199357
Tb927_10_v5.1 1373981 1375041 2.584962500721156
Tb927_10_v5.1 1375218 1375605 0.5525410230287786
Tb927_10_v5.1 1384353 1386015 2.492655914471298
Tb927_10_v5.1 1416677 1418671 0.3410369178350669
Tb927_10_v5.1 1649301 1651247 2.759567023103339
Tb927_10_v5.1 1662911 1663940 0.34625351730694937
Tb927_10_v5.1 1685730 1686574 2.4383700031094677
Tb927_10_v5.1 1723106 1724059 0.28393174672705945
Tb927_10_v5.1 1731237 1732440 4.643856189774724
Tb927_10_v5.1 1732492 1732826 0.21150410519371182
Tb927_10_v5.1 1733988 1734774 0.5959003472060442
Tb927_10_v5.1 1737202 1738016 0.5025003405291834
Tb927_10_v5.1 1750147 1750480 1.1255308820838588
Tb927_10_v5.1 1751610 1751978 0.41503749927884376
Tb927_10_v5.1 1759882 1760227 0.6374299206152918
Tb927_10_v5.1 1763580 1764616 0.027519567085193295
Tb927_10_v5.1 1767863 1768416 0.7154324326165651
Tb927_10_v5.1 1785320 1787347 0.5943611987234058
Tb927_10_v5.1 1792005 1793717 0.38702312310924725
Tb927_10_v5.1 2095009 2095947 2.279223643933124
Tb927_10_v5.1 2097271 2098413 2.336649600594128
Tb927_10_v5.1 2099744 2100498 2.5330347086772953
Tb927_10_v5.1 2102291 2103067 2.364053570560039
Tb927_10_v5.1 2104660 2105125 0.9385994553358568
Tb927_10_v5.1 2105298 2106546 3.187627003175771
Tb927_10_v5.1 2107753 2109110 2.847210910871717
Tb927_10_v5.1 2110545 2111669 2.7948096687384902
Tb927_10_v5.1 2113109 2114239 2.9385994553358565
Tb927_10_v5.1 2115671 2116810 2.989946335336077
Tb927_10_v5.1 2124528 2126448 0.4662162232044069
Tb927_10_v5.1 2138509 2139626 0.5370280236574544
Tb927_10_v5.1 2140582 2141318 0.5341487111665189
Tb927_10_v5.1 2175450 2176330 2.4833524989323834
Tb927_10_v5.1 2185897 2187914 1.9572955490457618
Tb927_10_v5.1 2188452 2188760 3.37851162325373
Tb927_10_v5.1 2206749 2209354 3.034972138750181
Tb927_10_v5.1 2220434 2223510 4.072355948860131
Tb927_10_v5.1 2238309 2240491 0.8624964762500651
Tb927_10_v5.1 2252251 2253219 0.15200309344505006
Tb927_10_v5.1 2277884 2279496 3.0238467419543675
Tb927_10_v5.1 2284392 2285687 3.2812861103900164
Tb927_10_v5.1 2292488 2293942 0.3025627700204313
Tb927_10_v5.1 2305213 2306451 0.6166713604484945
Tb927_10_v5.1 2313090 2314082 0.5360529002402097
Tb927_10_v5.1 2334272 2336669 3.150041577111764
Tb927_10_v5.1 2337722 2339122 0.7288147530453422
Tb927_10_v5.1 2369027 2371628 3.6617264706166957
Tb927_10_v5.1 2374672 2376274 0.6941101152044088
Tb927_10_v5.1 2427271 2428566 0.8073549220576041
Tb927_10_v5.1 2440934 2441628 1.874469117916141
Tb927_10_v5.1 2449966 2451725 3.577657700097923
Tb927_10_v5.1 2473868 2474850 0.8428990389152711
Tb927_10_v5.1 2778006 2778828 3.6795574330018
Tb927_10_v5.1 2791630 2794306 1.3427327100266584
Tb927_10_v5.1 2813060 2814123 2.6147098441152083
Tb927_10_v5.1 2875710 2877079 0.1622714288988771
Tb927_10_v5.1 2882357 2882657 1.981384321832653
Tb927_10_v5.1 2899363 2901173 1.6767050693487315
Tb927_10_v5.1 2916746 2918088 2.0349337901093874
Tb927_10_v5.1 2925802 2928140 4.231325546106456
Tb927_10_v5.1 2929272 2932223 0.5744701269035138
Tb927_10_v5.1 2945631 2946994 2.0874628412503395
Tb927_10_v5.1 2955919 2956533 0.0435892685476828
Tb927_10_v5.1 2968496 2969826 0.19082234233557813
Tb927_10_v5.1 3176900 3177927 0.9299902787522575
Tb927_10_v5.1 3635590 3637377 0.20100012733960976
Tb927_10_v5.1 3654476 3655691 0.09310940439148145
Tb927_10_v5.1 3660536 3660962 2.807354922057604
Tb927_10_v5.1 3674254 3677688 0.35989594508638295
Tb927_10_v5.1 3681266 3684133 2.4288432988038746
Tb927_10_v5.1 3703363 3703777 2.8744691179161412
Tb927_10_v5.1 3718808 3720516 2.7796099315747
Tb927_10_v5.1 3744582 3746863 0.7369655941662062
Tb927_10_v5.1 3751131 3751554 3.564784618783526
Tb927_10_v5.1 3752881 3753251 2.584962500721156
Tb927_10_v5.1 3755043 3756995 1.4150374992788437
Tb927_10_v5.1 3761017 3761815 3.6189098326444937
Tb927_10_v5.1 3762245 3762952 2.9503128758996473
Tb927_10_v5.1 3763062 3763928 2.5025003405291835
Tb927_10_v5.1 3768968 3770043 1.3640535705600392
Tb927_10_v5.1 3796202 3797816 1.2387868595871165
Tb927_10_v5.1 3870103 3871215 1.0652914602517192
Tb927_10_v5.1 3895758 3896751 0.1740293997750489
Tb927_10_v5.1 3897024 3897402 1.0
Tb927_10_v5.1 3924490 3925322 0.21964181032041316
Tb927_10_v5.1 3925367 3925826 0.18057224564182084
Tb927_10_v5.1 3951895 3953292 0.9269365378102766
Tb927_10_v5.1 3983972 3984918 1.5555187228286742
Tb927_10_v5.1 4027965 4029288 1.1604646721932461
Tb927_10_v5.1 4034758 4035548 3.675565049502063
Tb927_10_v5.1 4045066 4045427 1.874469117916141
Tb927_10_v5.1 4049713 4050364 1.2895066171949847
Tb927_10_v5.1 4051931 4052895 1.1639757351111262
Tb927_10_v5.1 4055696 4057894 2.9482174578974534
Tb927_10_v5.1 4064307 4065768 2.2563397532597858
Tb927_10_v5.1 4077699 4078719 1.6166713604484944
Tb927_10_v5.1 4079493 4080209 1.7369655941662063
Tb927_10_v5.1 4085635 4086603 0.44360665147561484
Tb927_10_v5.1 4086617 4087105 0.0978473233981446
Tb927_10_v5.1 4088917 4089290 3.3763758789097387
Tb927_10_v5.1 4091517 4092241 1.15200309344505
Tb927_10_v5.1 4101668 4102640 1.4150374992788437
Tb927_10_v5.1 4105570 4106414 1.371968777386958
Tb927_10_v5.1 4109413 4110239 1.4313393116079445
Tb927_10_v5.1 4134779 4135892 1.3808217839409307
Tb927_11_v5.1 184840 185964 1.893084796083488
Tb927_11_v5.1 190671 193973 1.8359435966468258
Tb927_11_v5.1 197670 198100 1.222392421336448
Tb927_11_v5.1 204357 206078 1.3005787746939288
Tb927_11_v5.1 225192 226118 4.824428435416546
Tb927_11_v5.1 245465 247949 0.5058909297299573
Tb927_11_v5.1 249536 251891 1.5753123306874368
Tb927_11_v5.1 262112 263732 2.305249353740732
Tb927_11_v5.1 314906 315992 3.252980741169871
Tb927_11_v5.1 337529 339217 2.1265324059289314
Tb927_11_v5.1 359398 360269 1.0552338541855117
Tb927_11_v5.1 361196 361991 1.5193741590935794
Tb927_11_v5.1 391660 393286 3.2428565238961635
Tb927_11_v5.1 396543 397867 1.7369655941662063
Tb927_11_v5.1 407762 409073 1.1622714288988771
Tb927_11_v5.1 424538 425526 0.5310307943436638
Tb927_11_v5.1 461026 461432 2.841302253980942
Tb927_11_v5.1 627720 629713 0.695145418471579
Tb927_11_v5.1 640930 644454 1.1361366879860288
Tb927_11_v5.1 657563 658458 0.5312236577650795
Tb927_11_v5.1 671539 672173 1.15200309344505
Tb927_11_v5.1 674870 675810 0.44745897697122117
Tb927_11_v5.1 682703 684886 2.036525876025114
Tb927_11_v5.1 690230 690807 2.9385994553358565
Tb927_11_v5.1 926969 928462 5.803054784623979
Tb927_11_v5.1 941203 942771 3.630050390249694
Tb927_11_v5.1 954333 956383 0.5963672639934058
Tb927_11_v5.1 967433 968933 1.0473057147783569
Tb927_11_v5.1 969814 972962 2.856875057901403
Tb927_11_v5.1 983551 984486 1.6629650127224291
Tb927_11_v5.1 989279 989831 1.2551410036761599
Tb927_11_v5.1 992391 993417 1.5560498088059174
Tb927_11_v5.1 1043637 1044207 0.2985955910567386
Tb927_11_v5.1 1066792 1067700 1.5206892868427064
Tb927_11_v5.1 1069925 1070291 2.339310173115599
Tb927_11_v5.1 1076161 1078244 2.2854022188622483
Tb927_11_v5.1 1079804 1081319 0.5965318894332929
Tb927_11_v5.1 1084613 1085965 2.222392421336448
Tb927_11_v5.1 1088436 1089380 2.093723261209315
Tb927_11_v5.1 1089970 1091091 2.3776706468143587
Tb927_11_v5.1 1095647 1096058 0.9385994553358568
Tb927_11_v5.1 1109511 1112360 1.6359979651221601
Tb927_11_v5.1 1119861 1120505 0.3325753390868709
Tb927_11_v5.1 1170985 1172387 3.6076825772212398
Tb927_11_v5.1 1187254 1188310 0.3516379310984024
Tb927_11_v5.1 1193166 1194109 1.222392421336448
Tb927_11_v5.1 1292231 1294078 3.9068905956085187
Tb927_11_v5.1 1322104 1325315 0.4629719763425457
Tb927_11_v5.1 1385198 1386014 1.6334610184123461
Tb927_11_v5.1 1395775 1396450 1.868210127444459
Tb927_11_v5.1 1401588 1402474 2.4689043712575796
Tb927_11_v5.1 1405352 1406741 0.22239242133644802
Tb927_11_v5.1 1409396 1410240 0.6875909831926316
Tb927_11_v5.1 1414646 1415067 1.2605275502232192
Tb927_11_v5.1 1418617 1419657 1.606178986630852
Tb927_11_v5.1 1420291 1421392 2.584962500721156
Tb927_11_v5.1 1450744 1451683 1.4725885218410024
Tb927_11_v5.1 1507330 1508013 0.18762700317577127
Tb927_11_v5.1 1517165 1518535 1.7574296967259218
Tb927_11_v5.1 1548414 1550096 3.5077946401986964
Tb927_11_v5.1 1565008 1566037 0.5370280236574544
Tb927_11_v5.1 1567805 1569740 1.9848931076097918
Tb927_11_v5.1 1590056 1591855 1.5925756848310313
Tb927_11_v5.1 1598306 1599523 1.272404189504271
Tb927_11_v5.1 1647165 1648214 1.5081469036703254
Tb927_11_v5.1 1651141 1651754 0.1244473709244885
Tb927_11_v5.1 1655558 1656583 0.32192809488736235
Tb927_11_v5.1 1661257 1662433 3.1963972128035034
Tb927_11_v5.1 2079530 2080623 4.369233809665719
Tb927_11_v5.1 2081006 2083266 1.26070935288755
Tb927_11_v5.1 2251293 2252815 1.9308259143881414
Tb927_11_v5.1 2257988 2259725 1.0052177092710193
Tb927_11_v5.1 2263625 2264195 0.6979714625503425
Tb927_11_v5.1 2302884 2306067 0.8255022687678635
Tb927_11_v5.1 2348483 2349898 2.5007312476761276
Tb927_11_v5.1 2401185 2402050 0.6374299206152918
Tb927_11_v5.1 2468657 2469738 2.0
Tb927_11_v5.1 2480696 2481618 1.8345763907926282
Tb927_11_v5.1 2515378 2516267 0.5849625007211562
Tb927_11_v5.1 2516962 2519350 2.3868945349331394
Tb927_11_v5.1 2529950 2530669 1.1312445332782528
Tb927_11_v5.1 2662011 2663255 0.6076825772212396
Tb927_11_v5.1 2689144 2689506 0.2630344058337938
Tb927_11_v5.1 2690885 2691566 0.19930880822340666
Tb927_11_v5.1 2703827 2704398 0.3948596173412136
Tb927_11_v5.1 2736527 2737397 1.678433981922391
Tb927_11_v5.1 2738775 2740421 1.2630344058337937
Tb927_11_v5.1 2757358 2757686 0.7789731206877816
Tb927_11_v5.1 2806983 2809245 1.2854022188622483
Tb927_11_v5.1 2814139 2815056 2.341036917835067
Tb927_11_v5.1 2829486 2831032 3.555578693940062
Tb927_11_v5.1 2839361 2840104 0.22239242133644802
Tb927_11_v5.1 2881585 2882379 1.2943560168563806
Tb927_11_v5.1 2887324 2888299 2.148757433941396
Tb927_11_v5.1 2894279 2894712 4.038778327756493
Tb927_11_v5.1 2911652 2912496 2.528779665328032
Tb927_11_v5.1 2919919 2920775 4.481126689736616
Tb927_11_v5.1 2971119 2971590 3.487265826834023
Tb927_11_v5.1 2978585 2979092 4.854660636835961
Tb927_11_v5.1 2995416 2996280 0.7369655941662062
Tb927_11_v5.1 3010866 3011985 0.32650082467718644
Tb927_11_v5.1 3019951 3021012 1.1154772174199359
Tb927_11_v5.1 3030067 3030698 0.5795183620310285
Tb927_11_v5.1 3063370 3065256 0.6909793888920257
Tb927_11_v5.1 3074593 3075982 1.0527175187143665
Tb927_11_v5.1 3096015 3097684 0.5849625007211562
Tb927_11_v5.1 3102304 3103645 0.5421494171821831
Tb927_11_v5.1 3109908 3111790 2.158749925885635
Tb927_11_v5.1 3135091 3136283 0.7935491225325737
Tb927_11_v5.1 3137265 3139070 3.2445031229421963
Tb927_11_v5.1 3158733 3161060 4.761434589760106
Tb927_11_v5.1 3216364 3216802 2.700439718141092
Tb927_11_v5.1 3233678 3234796 0.4459435408645588
Tb927_11_v5.1 3247642 3249381 4.763765653509921
Tb927_11_v5.1 3266761 3267769 2.748938235832282
Tb927_11_v5.1 3288881 3289943 0.40968426478463704
Tb927_11_v5.1 3293446 3295592 0.8159680523623123
Tb927_11_v5.1 3304456 3306765 0.9266268136697808
Tb927_11_v5.1 3319140 3320182 1.5305147166987798
Tb927_11_v5.1 3320290 3321715 4.270252060115039
Tb927_11_v5.1 3365763 3366967 1.9385994553358568
Tb927_11_v5.1 3656965 3657997 2.989946335336077
Tb927_11_v5.1 3677955 3678986 1.1312445332782528
Tb927_11_v5.1 3690221 3691936 0.11103131238874395
Tb927_11_v5.1 3703155 3703897 3.241008099503795
Tb927_11_v5.1 3707552 3709489 0.5076036180149164
Tb927_11_v5.1 3712324 3713388 2.2236260212755585
Tb927_11_v5.1 3730331 3731477 1.185773830100294
Tb927_11_v5.1 3745251 3746559 1.6076825772212395
Tb927_11_v5.1 3782325 3783219 1.7369655941662063
Tb927_11_v5.1 3785202 3787270 3.870606478283742
Tb927_11_v5.1 3795203 3796667 1.2647032261944122
Tb927_11_v5.1 3805539 3806894 2.6280312226130422
Tb927_11_v5.1 3850601 3852326 0.6914828243721979
Tb927_11_v5.1 3873883 3876478 0.7478539103089423
Tb927_11_v5.1 3880736 3883089 0.5849625007211562
Tb927_11_v5.1 4282974 4284396 2.189824558880017
Tb927_11_v5.1 4556385 4557257 0.963474123974886
Tb927_11_v5.1 4595834 4597175 2.736965594166206
Tb927_11_v5.1 4627031 4627468 0.7369655941662062
Tb927_11_v5.1 4627501 4627968 2.3870231231092474
Tb927_11_v5.1 4636347 4637689 1.584962500721156
Tb927_11_v5.1 4639094 4639567 2.557995453120887
Tb927_11_v5.1 4658425 4659333 3.841302253980942
Tb927_11_v5.1 4696201 4698213 1.1699250014423124
Tb927_11_v5.1 4702784 4703483 1.8101002987964216
Tb927_11_v5.1 4705682 4706060 1.0
Tb927_11_v5.1 4744105 4744634 0.6629650127224292
Tb927_11_v5.1 4745136 4745717 1.3536369546147007
Tb927_11_v5.1 4757574 4757958 0.5305147166987798
Tb927_11_v5.1 4760225 4761733 4.247927513443585
Tb927_11_v5.1 4761880 4762187 0.3177402979239289
Tb927_11_v5.1 4766802 4767470 0.11547721741993588
Tb927_11_v5.1 4769581 4771313 2.3491495636223867
Tb927_11_v5.1 4846244 4847012 0.9004643264490855
Tb927_11_v5.1 4924857 4925488 2.5025003405291835
Tb927_11_v5.1 4934722 4935332 0.47846287942047755
Tb927_11_v5.1 4936509 4938746 0.6264072190185076
Tb927_11_v5.1 5065827 5066600 0.9385994553358568
Tb927_11_v5.1 5078236 5078618 0.5228407888133586
Tb927_11_v5.1 5122435 5123196 3.169925001442312
Tb927_01_v5.1 66838 68194 0.8405217859928035
Tb927_01_v5.1 68432 69141 2.977681620576405
Tb927_01_v5.1 82784 85189 0.9762024288178083
Tb927_01_v5.1 145934 146522 1.3980310739731538
Tb927_01_v5.1 200756 201080 1.384663850235325
Tb927_01_v5.1 202076 204347 0.344334507935642
Tb927_01_v5.1 230915 232950 5.073248982030639
Tb927_01_v5.1 523522 524297 4.643856189774724
Tb927_01_v5.1 731110 731928 0.29698173775713155
Tb927_01_v5.1 732420 733077 1.229734396677616
Tb927_01_v5.1 760592 761606 4.662965012722429
Tb927_01_v5.1 762545 764429 0.554762262945457
Tb927_01_v5.1 1058006 1058333 0.48542682717024166
Tb927_01_v5.1 1061740 1064670 1.1609918766723046
Tb927_02_v5.1 46 1001 1.5079651010059945
Tb927_02_v5.1 52907 55147 0.7105985623363481
Tb927_02_v5.1 137689 139993 0.5245266468591822
Tb927_02_v5.1 140695 141159 1.399270183420527
Tb927_02_v5.1 387732 388999 2.332575339086871
Tb927_02_v5.1 397509 398893 2.332575339086871
Tb927_02_v5.1 400804 403664 1.7104933828050153
Tb927_02_v5.1 411328 412058 0.8456718536087063
Tb927_02_v5.1 424605 426169 1.7529071380352277
Tb927_02_v5.1 449174 450260 3.321928094887362
Tb927_02_v5.1 451885 452824 2.604862058158861
Tb927_02_v5.1 468965 470184 1.4167377882686834
Tb927_02_v5.1 484730 485561 2.320822157661193
Tb927_02_v5.1 489037 491008 2.019178101683865
Tb927_02_v5.1 636678 638664 1.229734396677616
Tb927_02_v5.1 663408 665600 3.2443071977648885
Tb927_02_v5.1 680365 681557 0.645335118700638
Tb927_02_v5.1 696075 697915 1.584962500721156
Tb927_02_v5.1 698027 698920 1.253756592245783
Tb927_02_v5.1 719747 721037 0.9696263509564811
Tb927_02_v5.1 739418 740432 1.9475325801058645
Tb927_02_v5.1 757478 758989 1.6374299206152918
Tb927_02_v5.1 759040 760516 0.7924607067579096
Tb927_02_v5.1 763244 763602 0.032789935117669415
Tb927_02_v5.1 770501 771525 5.562242424221073
Tb927_02_v5.1 793146 794481 2.0439776970606025
Tb927_02_v5.1 795975 797843 2.0987339535853597
Tb927_02_v5.1 804867 807570 2.2840960213616235
Tb927_02_v5.1 813313 814791 2.4366397537640547
Tb927_02_v5.1 816051 817399 4.058893689053568
Tb927_02_v5.1 833758 834715 4.332983283396358
Tb927_02_v5.1 851754 852691 1.3219280948873624
Tb927_02_v5.1 878673 879031 1.8300749985576876
Tb927_02_v5.1 886413 887737 0.6476982560691188
Tb927_02_v5.1 894509 895720 0.829381228387603
Tb927_02_v5.1 1179700 1180208 1.4049838346149208
Tb927_02_v5.1 1187201 1188674 0.8930847960834881
Tb927_02_v5.1 1188740 1189648 3.0
Tb927_02_v5.1 1190406 1191147 1.7369655941662063
Tb927_03_v5.1 116052 116433 3.297680548640685
Tb927_03_v5.1 158656 160126 0.4821516951373807
Tb927_03_v5.1 168448 169220 2.1082996153468887
Tb927_03_v5.1 179809 181565 2.7202223303316297
Tb927_03_v5.1 187161 187721 0.44745897697122117
Tb927_03_v5.1 417856 419844 0.15200309344505006
Tb927_03_v5.1 428279 429474 0.9175378398080272
Tb927_03_v5.1 432600 434076 2.313660478903762
Tb927_03_v5.1 435145 435585 2.557995453120887
Tb927_03_v5.1 435662 436194 2.1154772174199357
Tb927_03_v5.1 453551 454164 5.634206019741005
Tb927_03_v5.1 456457 457347 1.067114195858537
Tb927_03_v5.1 462447 463817 0.3523017439308812
Tb927_03_v5.1 464557 465726 0.2630344058337938
Tb927_03_v5.1 468597 471250 1.2880803244036894
Tb927_03_v5.1 475488 478252 2.325622578445104
Tb927_03_v5.1 482686 483552 3.3999306068886352
Tb927_03_v5.1 502620 505045 2.268686073610383
Tb927_03_v5.1 515482 516269 3.719286426931381
Tb927_03_v5.1 551870 556027 1.6938968722743202
Tb927_03_v5.1 556919 557830 1.969626350956481
Tb927_03_v5.1 567354 568188 2.7548875021634687
Tb927_03_v5.1 575823 576806 1.2394659346953893
Tb927_03_v5.1 647900 648663 2.1154772174199357
Tb927_03_v5.1 652325 652932 2.321928094887362
Tb927_03_v5.1 674396 674908 1.3219280948873624
Tb927_03_v5.1 688487 690200 0.16505924627049648
Tb927_03_v5.1 691474 693469 2.261492241025388
Tb927_03_v5.1 700855 701657 0.9510903995190534
Tb927_03_v5.1 743443 747190 3.273018494406416
Tb927_03_v5.1 749899 753152 1.222392421336448
Tb927_03_v5.1 759512 760316 2.222392421336448
Tb927_03_v5.1 775823 777296 5.2245376931680045
Tb927_03_v5.1 801090 803322 2.7441610955704103
Tb927_03_v5.1 808716 809876 1.222392421336448
Tb927_03_v5.1 811933 812822 6.80969506051212
Tb927_03_v5.1 821435 822230 5.303780748177103
Tb927_03_v5.1 822317 823975 2.495410915742864
Tb927_03_v5.1 824344 827162 0.9769163868869588
Tb927_03_v5.1 834849 836214 0.4764380439429871
Tb927_03_v5.1 838054 840488 2.971543553950772
Tb927_03_v5.1 846693 847413 4.142957953842043
Tb927_03_v5.1 862115 864051 2.8024394316434877
Tb927_03_v5.1 870856 871179 0.3652271995079027
Tb927_03_v5.1 1138007 1139903 0.5962778139489903
Tb927_03_v5.1 1147710 1148039 0.5081469036703251
Tb927_03_v5.1 1151527 1152720 0.2057136801898175
Tb927_03_v5.1 1168286 1169350 0.8134486799702784
Tb927_03_v5.1 1189753 1190587 1.271377514088199
Tb927_03_v5.1 1194164 1196797 0.498602215917975
Tb927_03_v5.1 1234500 1235649 0.8300749985576875
Tb927_03_v5.1 1246746 1248202 1.7045441164738286
Tb927_03_v5.1 1264098 1265015 0.1582620839167324
Tb927_03_v5.1 1270149 1271953 0.7780707974958794
Tb927_03_v5.1 1314725 1315116 0.41503749927884376
Tb927_03_v5.1 1329080 1330138 4.965784284662087
Tb927_03_v5.1 1342198 1343813 1.34821939270629
Tb927_03_v5.1 1352222 1352570 1.3439544012173612
Tb927_03_v5.1 1636923 1638085 0.047775724569413376
Tb927_03_v5.1 1639110 1640060 1.2045149306061917
Tb927_03_v5.1 1644013 1646282 1.7640048469185583
Tb927_03_v5.1 1650218 1652435 3.5060320314994367
Tb927_04_v5.1 68 900 2.2730184944064162
Tb927_04_v5.1 31923 34167 0.8425443505199041
Tb927_04_v5.1 111901 112913 3.2394659346953896
Tb927_04_v5.1 115113 115622 1.0
Tb927_04_v5.1 118152 119367 0.3663222142458158
Tb927_04_v5.1 126477 128670 4.073248982030639
Tb927_04_v5.1 128945 131524 3.779815898459322
Tb927_04_v5.1 134260 136374 3.086755464408078
Tb927_04_v5.1 145376 147897 1.372201301368586
Tb927_04_v5.1 150351 152196 5.09451759878429
Tb927_04_v5.1 187583 188662 2.6256044852185023
Tb927_04_v5.1 189904 190655 4.459431618637297
Tb927_04_v5.1 195998 196989 0.9562437238650624
Tb927_04_v5.1 201555 202046 0.38187063534364446
Tb927_04_v5.1 211091 212647 0.7448134559888913
Tb927_04_v5.1 236516 239781 2.9385994553358565
Tb927_04_v5.1 271149 273574 1.82254132587228
Tb927_04_v5.1 278741 280558 2.671020282342353
Tb927_04_v5.1 297975 298423 0.5703157247567546
Tb927_04_v5.1 326906 328708 3.2801079191927354
Tb927_04_v5.1 334617 336883 3.0057136511943936
Tb927_04_v5.1 339099 341736 2.217204731313456
Tb927_04_v5.1 355532 356575 0.512648295905266
Tb927_04_v5.1 398035 398790 1.4342310645121548
Tb927_04_v5.1 399576 401220 1.0
Tb927_04_v5.1 409894 411101 3.300394933337721
Tb927_04_v5.1 418728 420531 2.992969797932471
Tb927_04_v5.1 423102 425052 4.672121136373977
Tb927_04_v5.1 426957 429608 1.2991182119792766
Tb927_04_v5.1 436975 438493 0.6768446017286354
Tb927_04_v5.1 443992 444726 5.354196898359703
Tb927_04_v5.1 450907 451668 3.0588936890535687
Tb927_04_v5.1 455782 457394 0.41503749927884376
Tb927_04_v5.1 462535 463090 1.2223924213364477
Tb927_04_v5.1 463831 465481 2.192645077942396
Tb927_04_v5.1 476917 477877 4.321928094887363
Tb927_04_v5.1 484029 486236 1.3923174227787602
Tb927_04_v5.1 487739 489669 0.8300749985576875
Tb927_04_v5.1 511713 512355 2.7725895038969273
Tb927_04_v5.1 516721 517741 1.4249350668138745
Tb927_04_v5.1 859148 859838 0.5305147166987798
Tb927_04_v5.1 866499 867828 0.7145977811377516
Tb927_04_v5.1 867961 869597 1.5688428353578794
Tb927_04_v5.1 870738 871099 2.807354922057604
Tb927_04_v5.1 883175 883577 1.6183210976675872
Tb927_04_v5.1 891137 892417 4.594946589293778
Tb927_04_v5.1 897417 897923 1.0
Tb927_04_v5.1 920196 921032 2.775784843056734
Tb927_04_v5.1 922990 923951 2.1174935630184404
Tb927_04_v5.1 924911 925752 1.893084796083488
Tb927_04_v5.1 947079 948367 2.9237644141729144
Tb927_04_v5.1 982071 983024 6.1765887317233235
Tb927_04_v5.1 987790 988748 2.516575525740906
Tb927_04_v5.1 989296 990702 3.455053178126723
Tb927_04_v5.1 1031954 1033106 1.0292645945051946
Tb927_04_v5.1 1050936 1052971 2.4405725913859815
Tb927_04_v5.1 1060544 1062055 0.6614753945819429
Tb927_04_v5.1 1063872 1065356 0.17658873172332304
Tb927_04_v5.1 1067612 1069822 0.11788773601061667
Tb927_04_v5.1 1071607 1073637 2.89616418901546
Tb927_04_v5.1 1109751 1110063 0.4898052676808161
Tb927_04_v5.1 1117590 1119211 1.0095860488291983
Tb927_04_v5.1 1119257 1119692 0.8073549220576041
Tb927_04_v5.1 1153235 1155500 1.959358015502654
Tb927_04_v5.1 1167302 1167773 4.1015380264620624
Tb927_04_v5.1 1171740 1172823 3.159198594849254
Tb927_04_v5.1 1176584 1177669 4.756582796178626
Tb927_04_v5.1 1181435 1182516 3.857655807469058
Tb927_04_v5.1 1186298 1187380 3.976916386886959
Tb927_04_v5.1 1191149 1191672 2.7171571130860257
Tb927_04_v5.1 1195576 1196065 2.835699547751566
Tb927_04_v5.1 1199999 1201292 2.9018196060610966
Tb927_04_v5.1 1201665 1203538 1.1683975316957187
Tb927_04_v5.1 1232728 1234068 2.6374299206152916
Tb927_04_v5.1 1238095 1239409 6.584962500721156
Tb927_04_v5.1 1258659 1259472 1.1926450779423958
Tb927_04_v5.1 1267820 1271647 2.682925754453317
Tb927_04_v5.1 1292184 1293883 0.7501927533381916
Tb927_04_v5.1 1322318 1323241 0.6129768768907526
Tb927_04_v5.1 1326306 1328267 2.0752881273042374
Tb927_04_v5.1 1340761 1343270 1.4476313316743579
Tb927_04_v5.1 1373017 1373426 0.8776644570759476
Tb927_04_v5.1 1378626 1379649 5.20945336562895
Tb927_04_v5.1 1398020 1398955 2.254013559342763
Tb927_04_v5.1 1440387 1441393 0.18537923065009218
Tb927_04_v5.1 1460200 1460804 2.222392421336448
Tb927_04_v5.1 1492336 1493563 1.3219280948873624
Tb927_04_v5.1 1499972 1501740 1.0395283641866373
Tb927_04_v5.1 1503953 1504272 0.7369655941662062
Tb927_04_v5.1 1505919 1508297 1.3742185946707988
Tb927_04_v5.1 1511285 1512375 1.2365366036567176
Tb927_04_v5.1 1513072 1514038 2.4568576749734707
Tb927_04_v5.1 1514873 1516368 2.5443205162238103
Tb927_04_v5.1 1527248 1528136 1.3706433799203903
Tb927_04_v5.1 1539252 1540028 1.9385994553358568
Tb927_04_v5.1 1540292 1541786 4.0
Tb927_04_v5.1 1549609 1550209 2.9798221180623696
Tb927_04_v5.1 1556361 1557773 3.347165386386385
Tb927_04_v5.1 1561135 1561964 0.2313255461064558
Tb927_04_v5.1 1563991 1565006 2.343144580797058
Tb927_04_v5.1 1567767 1568754 0.8624964762500651
Tb927_04_v5.1 1569935 1572392 3.3452715418633523
Tb927_04_v5.1 1574648 1575460 4.448460500816294
Tb927_04_v5.1 1579926 1580585 1.8365012677171206
Tb927_04_v5.1 1580675 1582927 2.4468000616636316
Tb927_04_v5.1 1587937 1590432 2.3328164110300986
Tb927_05_v5.1 74081 76126 3.0431342022069265
Tb927_05_v5.1 131163 132562 3.379117925023901
Tb927_05_v5.1 159210 160498 0.5343364276511882
Tb927_05_v5.1 211191 213050 3.3131578852596304
Tb927_05_v5.1 216127 218208 0.011681805047635557
Tb927_05_v5.1 226156 227087 1.4106854747391366
Tb927_05_v5.1 238773 239769 4.01757262944795
Tb927_05_v5.1 248808 249712 2.5925756848310315
Tb927_05_v5.1 261410 262892 3.6140554122414827
Tb927_05_v5.1 267252 267698 0.6419524793059858
Tb927_05_v5.1 520252 521886 0.43389652653015964
Tb927_05_v5.1 534789 536259 2.321928094887362
Tb927_05_v5.1 548324 549841 0.8259706002249511
Tb927_05_v5.1 705456 706487 3.7208459288029294
Tb927_05_v5.1 711628 712579 0.966525295448912
Tb927_05_v5.1 931011 931873 1.4150374992788437
Tb927_05_v5.1 1025132 1026104 1.6607939136808023
Tb927_05_v5.1 1032826 1033146 0.7262391875731478
Tb927_05_v5.1 1045770 1046786 3.4535470623854403
Tb927_05_v5.1 1046814 1048234 5.245394246698063
Tb927_05_v5.1 1056005 1057147 3.9300204704470736
Tb927_05_v5.1 1064673 1065654 1.042720874984622
Tb927_05_v5.1 1083608 1083940 0.7975071361012568
Tb927_05_v5.1 1143092 1143447 0.07800251200127316
Tb927_05_v5.1 1151482 1153630 0.4801325275007289
Tb927_05_v5.1 1358877 1360774 1.159198594849254
Tb927_05_v5.1 1365627 1366155 2.4100194245122193
Tb927_05_v5.1 1370701 1371703 1.7997013495141687
Tb927_05_v5.1 1376143 1376592 0.6374299206152918
Tb927_05_v5.1 1379167 1380950 1.1614634226941163
Tb927_05_v5.1 1444491 1445900 2.5443205162238103
Tb927_05_v5.1 1460029 1460477 3.5443205162238103
Tb927_05_v5.1 1462450 1465209 2.9840936090906394
Tb927_05_v5.1 1467093 1468080 1.8142085930986667
Tb927_05_v5.1 1469216 1470661 3.121629444401531
Tb927_05_v5.1 1510265 1510574 5.0
Tb927_05_v5.1 1526249 1527754 3.8579809951275723
Tb927_05_v5.1 1532845 1534713 2.052467419894136
Tb927_05_v5.1 1552769 1553963 0.8073549220576041
Tb927_05_v5.1 1556018 1557206 2.1154772174199357
Tb927_05_v5.1 1563057 1563937 2.9156078127096277
Tb927_05_v5.1 1581652 1582190 1.222392421336448
Tb927_05_v5.1 1590591 1592443 2.594548549550354
Tb927_05_v5.1 1594369 1595523 3.3326056474878527
Tb927_05_v5.1 1603327 1604421 1.8413022539809418
Tb927_05_v5.1 1610430 1611116 4.681824039973745
Tb927_05_v5.1 1614289 1615013 2.415037499278844
Tb927_05_v5.1 1631058 1631905 2.9385994553358565
Tb927_05_v5.1 1656146 1656980 1.222392421336448
Tb927_05_v5.1 1706435 1706923 0.6629650127224292
Tb927_05_v5.1 1718503 1720043 1.9068905956085185
Tb927_05_v5.1 1724267 1724702 1.7004397181410922
Tb927_05_v5.1 1725546 1726624 0.11864449649861893
Tb927_05_v5.1 1728902 1729659 3.2812861103900164
Tb927_05_v5.1 1730761 1731198 1.6114347120823471
Tb927_05_v5.1 1739632 1740436 0.8807010716276555
Tb927_05_v5.1 1741035 1741544 1.7962315435858935
Tb927_05_v5.1 1743037 1743857 4.516575525740906
Tb927_05_v5.1 1753276 1755013 4.389042290745899
Tb927_06_v5.1 131098 132002 1.3031042205957073
Tb927_06_v5.1 144118 145694 1.1949116849143409
Tb927_06_v5.1 182313 182737 0.8759758491662957
Tb927_06_v5.1 244196 245760 1.5272470028648688
Tb927_06_v5.1 248482 250416 1.3300559757707628
Tb927_06_v5.1 261097 263008 2.78021879212009
Tb927_06_v5.1 266095 267466 3.267698506664903
Tb927_06_v5.1 272000 272972 1.0395283641866375
Tb927_06_v5.1 273045 273985 0.3692338096657191
Tb927_06_v5.1 290497 294706 1.6715449980234864
Tb927_06_v5.1 307278 309363 0.7523019045486111
Tb927_06_v5.1 355455 356494 4.1265324059289314
Tb927_06_v5.1 359180 361800 1.11120256231961
Tb927_06_v5.1 400727 402788 0.5922305011851954
Tb927_06_v5.1 406289 406630 1.3625700793847084
Tb927_06_v5.1 415100 415455 0.9757524537533229
Tb927_06_v5.1 416963 417356 0.9083695245344318
Tb927_06_v5.1 418634 419112 0.9645013187786139
Tb927_06_v5.1 420411 420761 0.8413022539809418
Tb927_06_v5.1 422217 422540 0.03952836418663759
Tb927_06_v5.1 427136 428048 6.91687468418114
Tb927_06_v5.1 444675 446716 0.08880926695785596
Tb927_06_v5.1 451647 452230 5.329123596291566
Tb927_06_v5.1 468649 470087 0.6001489045358321
Tb927_06_v5.1 493476 494538 0.3325753390868709
Tb927_06_v5.1 497767 498407 0.3410369178350669
Tb927_06_v5.1 501264 502183 0.3692338096657191
Tb927_06_v5.1 505102 506165 0.7369655941662062
Tb927_06_v5.1 521789 523060 2.781819829950466
Tb927_06_v5.1 535276 536345 3.0395283641866375
Tb927_06_v5.1 557161 557808 1.0198995574377048
Tb927_06_v5.1 576360 577521 7.787902559391432
Tb927_06_v5.1 598798 599960 4.976381607754274
Tb927_06_v5.1 600422 601611 2.515174170564294
Tb927_06_v5.1 607323 608379 3.2873478631772177
Tb927_06_v5.1 621177 621742 5.559695742110726
Tb927_06_v5.1 635426 637556 0.5048341696294896
Tb927_06_v5.1 661247 662421 1.7369655941662063
Tb927_06_v5.1 1022534 1024194 1.5193741590935794
Tb927_06_v5.1 1025848 1027160 0.7612131404128833
Tb927_06_v5.1 1030116 1032794 3.481126689736616
Tb927_06_v5.1 1035248 1038591 2.3868547315081354
Tb927_06_v5.1 1052739 1053793 0.8171359428501896
Tb927_06_v5.1 1070479 1071358 4.807354922057604
Tb927_06_v5.1 1074455 1075641 4.9788057777308765
Tb927_06_v5.1 1080647 1081964 2.7637656535099215
Tb927_06_v5.1 1086340 1087981 2.6147098441152083
Tb927_06_v5.1 1089630 1090453 0.11547721741993588
Tb927_06_v5.1 1100279 1101360 1.3219280948873624
Tb927_06_v5.1 1107331 1108434 2.2895066171949847
Tb927_06_v5.1 1118614 1118921 0.6265416044725555
Tb927_06_v5.1 1128354 1129101 0.29911821197927646
Tb927_06_v5.1 1130429 1131476 2.15200309344505
Tb927_06_v5.1 1136905 1137808 4.805892483979118
Tb927_06_v5.1 1139588 1140284 2.1202942337177118
Tb927_06_v5.1 1145559 1147501 1.0561430780375336
Tb927_06_v5.1 1160021 1160416 0.3174821898561702
Tb927_06_v5.1 1160494 1161182 0.8227849626272101
Tb927_06_v5.1 1193308 1195629 1.0941824390567076
Tb927_06_v5.1 1210601 1211339 3.062495925733764
Tb927_06_v5.1 1215672 1217055 0.2009126939259966
Tb927_06_v5.1 1226257 1227751 0.33786963875638387
Tb927_06_v5.1 1234464 1234934 0.736965594166206
Tb927_06_v5.1 1241557 1242881 0.2360673582335245
Tb927_06_v5.1 1246064 1247277 5.250676028355462
Tb927_06_v5.1 1251432 1252835 0.289506617194985
Tb927_06_v5.1 1271417 1272159 0.03952836418663759
Tb927_06_v5.1 1441909 1445007 3.4873646314117344
Tb927_06_v5.1 1446340 1448395 2.9738060594547724
Tb927_06_v5.1 1449022 1450463 0.6059802819902392
Tb927_06_v5.1 1450541 1451523 4.626655449021117
Tb927_06_v5.1 1453090 1453977 0.18511140525698835
Tb927_06_v5.1 1454468 1455797 1.3594028003060252
Tb927_06_v5.1 1456654 1457436 1.175258445745353
Tb927_06_v5.1 1476152 1477342 0.49476469174957804
Tb927_06_v5.1 1495015 1496952 3.567684509289321
Tb927_06_v5.1 1498672 1499374 2.452126818014064
Tb927_06_v5.1 1504413 1505691 3.1338557467347905
Tb927_06_v5.1 1516575 1517844 1.8707169830550334
Tb927_06_v5.1 1524945 1526036 1.222392421336448
Tb927_06_v5.1 1545354 1545888 1.959358015502654
Tb927_06_v5.1 1552321 1553242 4.542445668603373
Tb927_06_v5.1 1554840 1555445 0.3536369546147006
Tb927_06_v5.1 1564931 1565544 1.455783841622153
Tb927_06_v5.1 1567981 1569159 1.0
Tb927_06_v5.1 1571756 1572347 5.407213282832331
Tb927_06_v5.1 1572730 1573327 8.196397212803504
Tb927_06_v5.1 1575375 1575847 0.1679446373140714
Tb927_06_v5.1 1589260 1589803 5.247927513443585
Tb927_06_v5.1 1593494 1594611 2.15714639672101
Tb927_06_v5.1 1602663 1603024 0.415037499278844
Tb927_06_v5.1 1613001 1614636 1.584962500721156
Tb927_07_v5.1 19586 20091 3.4368360895574046
Tb927_07_v5.1 84324 85200 3.736965594166206
Tb927_07_v5.1 107868 108719 3.2094533656289497
Tb927_07_v5.1 124884 125819 1.3325753390868709
Tb927_07_v5.1 143209 144215 2.662965012722429
Tb927_07_v5.1 146435 146894 3.0231896273718895
Tb927_07_v5.1 152585 153156 3.8119276518474283
Tb927_07_v5.1 153653 156498 4.377625900290748
Tb927_07_v5.1 467403 468508 1.5163208351160256
Tb927_07_v5.1 472987 474092 1.4825004670575828
Tb927_07_v5.1 478581 479076 0.8942053359774033
Tb927_07_v5.1 479093 479682 1.9844031449489814
Tb927_07_v5.1 495406 496344 0.9652345818393233
Tb927_07_v5.1 500955 502064 1.0
Tb927_07_v5.1 506543 507010 1.584962500721156
Tb927_07_v5.1 512130 512518 0.9675785223076225
Tb927_07_v5.1 512690 513028 0.9455522159776235
Tb927_07_v5.1 544149 544965 0.6374299206152918
Tb927_07_v5.1 548900 550156 3.700439718141092
Tb927_07_v5.1 566768 567087 0.874469117916141
Tb927_07_v5.1 571815 572229 0.28293396327149856
Tb927_07_v5.1 617984 619083 2.1538053360790355
Tb927_07_v5.1 621177 622330 6.785724906086061
Tb927_07_v5.1 627007 630113 2.3999306068886352
Tb927_07_v5.1 677987 679458 0.8284346401764322
Tb927_07_v5.1 682236 683963 3.756256932774966
Tb927_07_v5.1 890190 892550 2.2854022188622483
Tb927_07_v5.1 915130 916990 3.3058084295240855
Tb927_07_v5.1 926117 927076 0.34848630637023786
Tb927_07_v5.1 944323 944661 7.3428154613611865
Tb927_07_v5.1 964419 965123 0.06711419585853703
Tb927_07_v5.1 967755 970172 1.5943611987234056
Tb927_07_v5.1 970371 970841 3.415037499278844
Tb927_07_v5.1 1137010 1139900 1.5626500386505588
Tb927_07_v5.1 1165874 1166606 1.689518431763746
Tb927_07_v5.1 1173921 1175737 0.3680400197416745
Tb927_07_v5.1 1178859 1180485 3.6683785089087935
Tb927_07_v5.1 1184622 1185524 1.4489848312021816
Tb927_07_v5.1 1188734 1190267 0.9678195942508502
Tb927_07_v5.1 1190307 1191585 4.92283213947754
Tb927_07_v5.1 1211862 1212637 0.5808463922489243
Tb927_07_v5.1 1212744 1213816 1.917537839808027
Tb927_07_v5.1 1218677 1219270 4.369233809665719
Tb927_07_v5.1 1229247 1231470 2.0983020736118037
Tb927_07_v5.1 1248274 1249658 6.6534422386039225
Tb927_07_v5.1 1258191 1259389 1.6880559936852595
Tb927_07_v5.1 1266272 1268870 1.9403905108618449
Tb927_07_v5.1 1272316 1273051 0.8713430169294215
Tb927_07_v5.1 1274540 1275499 1.4313393116079445
Tb927_07_v5.1 1285149 1286830 3.27715822476734
Tb927_07_v5.1 1286894 1287193 4.115477217419936
Tb927_07_v5.1 1287369 1289037 0.2100721497005801
Tb927_07_v5.1 1305419 1306712 1.0093986980022496
Tb927_07_v5.1 1661598 1662540 0.18057224564182084
Tb927_07_v5.1 1671717 1672527 3.4240262825060985
Tb927_07_v5.1 1680165 1682126 2.775990751148269
Tb927_07_v5.1 1682549 1682995 1.2976805486406853
Tb927_07_v5.1 1683581 1686022 3.9541963103868754
Tb927_07_v5.1 1694441 1695272 5.470319934780034
Tb927_07_v5.1 1706968 1709050 2.222392421336448
Tb927_07_v5.1 1712036 1712798 1.584962500721156
Tb927_07_v5.1 1807588 1808827 4.084888897586513
Tb927_07_v5.1 1839308 1843284 0.09310940439148145
Tb927_07_v5.1 1845379 1846314 2.2658940599730344
Tb927_07_v5.1 1847043 1847974 6.499314409810336
Tb927_07_v5.1 1871954 1872908 0.4537179674429037
Tb927_07_v5.1 1981612 1983261 4.90945310967634
Tb927_07_v5.1 1985380 1985790 2.111645355828909
Tb927_07_v5.1 1985906 1986721 4.392317422778761
Tb927_07_v5.1 1987811 1990521 1.2801079191927351
Tb927_07_v5.1 2007149 2008284 5.08037341646402
Tb927_07_v5.1 2034391 2036060 0.9506119730378365
Tb927_07_v5.1 2050109 2051591 1.096861539252589
Tb927_07_v5.1 2087638 2087957 1.6880559936852595
Tb927_07_v5.1 2138580 2139693 1.3890422907458992
Tb927_08_v5.1 149552 150661 3.0588936890535687
Tb927_08_v5.1 170768 172757 4.070389327891398
Tb927_08_v5.1 178956 179869 5.78135971352466
Tb927_08_v5.1 192678 195805 2.607530257626431
Tb927_08_v5.1 200914 202855 2.081794091163647
Tb927_08_v5.1 209586 210761 1.853207964105212
Tb927_08_v5.1 229614 231346 1.5592322256277384
Tb927_08_v5.1 254742 256233 4.450661409009565
Tb927_08_v5.1 259749 261761 1.539519529959989
Tb927_08_v5.1 263940 265007 4.383224274156236
Tb927_08_v5.1 265834 266746 0.5265458144958343
Tb927_08_v5.1 267360 267821 1.584962500721156
Tb927_08_v5.1 271854 272956 2.0
Tb927_08_v5.1 273607 274503 2.321928094887362
Tb927_08_v5.1 314502 314807 0.685126662646588
Tb927_08_v5.1 400864 403554 1.7293524100563311
Tb927_08_v5.1 403572 403918 5.807354922057604
Tb927_08_v5.1 410283 411777 3.7656884780527053
Tb927_08_v5.1 584533 588174 0.3795188406971462
Tb927_08_v5.1 1071551 1072564 2.415037499278844
Tb927_08_v5.1 1077456 1078706 4.014746585369187
Tb927_08_v5.1 1119129 1120738 1.6119927066903044
Tb927_08_v5.1 1123915 1124464 1.15200309344505
Tb927_08_v5.1 1125727 1126148 2.987927167699425
Tb927_08_v5.1 1142086 1143218 3.8030547846239786
Tb927_08_v5.1 1178692 1180690 4.7048973978236095
Tb927_08_v5.1 1241663 1243212 5.266786540694901
Tb927_08_v5.1 1247051 1248944 5.778176711591715
Tb927_08_v5.1 1249489 1250569 2.9004643264490855
Tb927_08_v5.1 1264123 1265269 4.494317136281156
Tb927_08_v5.1 1284939 1285755 0.1636534531839756
Tb927_08_v5.1 1305278 1307292 2.2431310876120722
Tb927_08_v5.1 1327266 1329587 0.7692059311664141
Tb927_08_v5.1 1344157 1345265 1.102098187618736
Tb927_08_v5.1 1355458 1355863 4.278535499373982
Tb927_08_v5.1 1365385 1366732 0.2147388487930127
Tb927_08_v5.1 1376103 1378548 1.5008568677398477
Tb927_08_v5.1 1432056 1434433 1.341036917835067
Tb927_08_v5.1 1592798 1593790 1.6166713604484944
Tb927_08_v5.1 1607802 1608613 3.4594316186372973
Tb927_08_v5.1 1895449 1896272 0.4353098943051051
Tb927_08_v5.1 1914301 1917472 2.6183210976675872
Tb927_08_v5.1 1927402 1928725 2.6852895593938833
Tb927_08_v5.1 1952319 1953129 2.0565835283663674
Tb927_08_v5.1 1954430 1954930 3.1154772174199357
Tb927_08_v5.1 1956920 1958371 0.8400211109779263
Tb927_08_v5.1 2106070 2106699 3.8328900141647417
Tb927_09_v5.1 167136 167569 2.5193741590935796
Tb927_09_v5.1 329834 330569 2.0
Tb927_09_v5.1 333397 333812 5.624490864907794
Tb927_09_v5.1 335540 335844 1.502500340529183
Tb927_09_v5.1 338568 339295 3.3692338096657193
Tb927_09_v5.1 341826 343081 1.1788031527887652
Tb927_09_v5.1 354990 356164 1.415037499278844
Tb927_09_v5.1 360950 361431 8.174925682500678
Tb927_09_v5.1 368626 370766 0.9534574140629697
Tb927_09_v5.1 392148 393342 3.7230264032083324
Tb927_09_v5.1 396801 397799 2.5703157247567545
Tb927_09_v5.1 450403 452383 3.029747343394052
Tb927_09_v5.1 476928 477859 1.4768136968655337
Tb927_09_v5.1 507837 509650 0.5421494171821831
Tb927_09_v5.1 526942 528388 4.813781191217037
Tb927_09_v5.1 652830 653814 4.212050477114989
Tb927_09_v5.1 670306 671983 1.008562013503424
Tb927_09_v5.1 1189401 1190365 2.169925001442312
Tb927_09_v5.1 1194931 1195410 1.1375035237499351
Tb927_09_v5.1 1206347 1207211 1.1154772174199359
Tb927_09_v5.1 1211307 1212299 2.6114347120823473
Tb927_09_v5.1 1232846 1234200 4.537965021183987
Tb927_09_v5.1 1234270 1234990 3.9848931076097918
Tb927_09_v5.1 1241373 1241922 3.415037499278844
Tb927_09_v5.1 1305582 1305892 1.7935491225325735
Tb927_09_v5.1 1316935 1317268 3.142957953842043
Tb927_09_v5.1 1322809 1324301 1.8901223822276267
Tb927_09_v5.1 1336757 1338557 2.8571079572547036
Tb927_09_v5.1 1339776 1341244 3.0732489820306386
Tb927_09_v5.1 1345392 1346248 5.556049808805917
Tb927_09_v5.1 1356107 1361048 0.40808473863707684
Tb927_09_v5.1 1366260 1367911 0.8365012677171206
Tb927_09_v5.1 1382110 1383359 4.635965404155259
Tb927_09_v5.1 1403955 1405068 0.8127970071258522
Tb927_09_v5.1 1406365 1410165 3.4949031926896246
Tb927_09_v5.1 1417800 1418131 0.5525410230287786
Tb927_09_v5.1 1419441 1420671 2.3025627700204314
Tb927_09_v5.1 1420753 1422144 0.8231222379159207
Tb927_09_v5.1 1447795 1448915 0.3479233034203068
Tb927_09_v5.1 1483819 1484611 0.2301697719281672
Tb927_09_v5.1 1489201 1490018 2.3692338096657193
Tb927_09_v5.1 1506572 1507148 2.1154772174199357
Tb927_09_v5.1 1507967 1509035 0.05384997394425424
Tb927_09_v5.1 1513402 1514234 4.196397212803503
Tb927_09_v5.1 1519340 1521858 1.0273319819711952
Tb927_09_v5.1 1555259 1556089 0.36257007938470837
Tb927_09_v5.1 1559566 1561793 1.5305147166987798
Tb927_09_v5.1 1579084 1580481 2.212050477114989
Tb927_09_v5.1 1584936 1586175 3.9385994553358565
Tb927_09_v5.1 1607418 1608782 2.5715419849588343
Tb927_09_v5.1 1609725 1611905 0.07246963833244512
Tb927_09_v5.1 1617382 1618984 3.5506481361958215
Tb927_09_v5.1 1626826 1628796 2.266626392496825
Tb927_09_v5.1 1643055 1643461 0.7369655941662062
Tb927_09_v5.1 1659812 1661218 4.78135971352466
Tb927_09_v5.1 1661661 1663636 3.1128324961643723
Tb927_09_v5.1 1668772 1670752 0.07800251200127316
Tb927_09_v5.1 1696883 1698904 4.523561956057013
Tb927_09_v5.1 1699024 1700304 4.987927167699425
Tb927_09_v5.1 1701024 1704001 2.826997795028679
Tb927_09_v5.1 1708241 1708816 1.3219280948873624
Tb927_09_v5.1 1716465 1718279 0.31917748387132766
Tb927_09_v5.1 1759484 1760449 2.169925001442312
Tb927_09_v5.1 2107818 2109557 1.8853574340588772
Tb927_09_v5.1 2110960 2111445 2.8349407537295037
Tb927_09_v5.1 2117284 2119578 0.7004397181410922
Tb927_09_v5.1 2132798 2134470 2.404983834614921
Tb927_09_v5.1 2155011 2156268 1.2402036974529087
Tb927_09_v5.1 2157346 2158279 5.584962500721156
Tb927_09_v5.1 2181172 2184095 1.8820159269694892
Tb927_09_v5.1 2184526 2186935 3.4918530963296748
Tb927_09_v5.1 2197322 2198283 0.5025003405291834
Tb927_09_v5.1 2199549 2200009 2.92283213947754
Tb927_09_v5.1 2200914 2201233 2.8300749985576874
Tb927_09_v5.1 2201284 2201762 0.8744691179161412
Tb927_09_v5.1 2210717 2211294 2.1714508556732723
Tb927_09_v5.1 2212214 2213616 1.3812491858225604
Tb927_09_v5.1 2259898 2261375 6.468510912548159
Tb927_09_v5.1 2503579 2504262 0.861293729168408
Tb927_09_v5.1 2515161 2515649 0.7369655941662062
Tb927_09_v5.1 2647400 2647767 3.700439718141092
Tb927_09_v5.1 2663067 2664111 4.288106427790626
Tb927_09_v5.1 2665095 2665786 0.8498070636818719
Tb927_09_v5.1 2667012 2668819 0.20928883406226745
Tb927_09_v5.1 2672267 2674161 0.6076825772212396
Tb927_09_v5.1 2677269 2678366 3.4835172371616103
Tb927_09_v5.1 2678472 2679403 0.4017814025765769
Tb927_09_v5.1 2685827 2686325 1.5393656342810456
Tb927_09_v5.1 2697890 2698384 1.6629650127224294
Tb927_09_v5.1 2698423 2699002 0.41503749927884376
Tb927_09_v5.1 2699305 2700548 0.3523017439308812
Tb927_09_v5.1 2753460 2754398 4.491853096329675
Tb927_09_v5.1 2756526 2757308 2.1154772174199357
Tb927_09_v5.1 2757374 2758424 2.910448415021708
Tb927_09_v5.1 2759781 2760330 4.163625013086574
Tb927_09_v5.1 2765928 2766643 2.7725895038969273
Tb927_09_v5.1 2770314 2771812 2.1612809070330607
Tb927_09_v5.1 2777335 2778115 0.21150410519371182
Tb927_09_v5.1 2778424 2779715 4.081388326840655
Tb927_09_v5.1 2781186 2783355 1.8450253400236594
Tb927_09_v5.1 2783758 2784170 1.874469117916141
Tb927_09_v5.1 2784371 2787102 2.2479275134435857
Tb927_09_v5.1 2787878 2788990 0.6880559936852596
Tb927_09_v5.1 2790155 2791321 4.673996049846722
Tb927_09_v5.1 2810625 2811126 0.8210298589546808
Tb927_09_v5.1 2811390 2812936 2.6166713604484944
Tb927_09_v5.1 2815232 2815554 3.415037499278844
Tb927_09_v5.1 2815590 2816286 0.7686744538935444
Tb927_09_v5.1 2817418 2817754 1.8210298589546807
Tb927_09_v5.1 2825585 2826189 1.4708907340123611
Tb927_09_v5.1 2828165 2829893 0.8799235480082491
Tb927_09_v5.1 2829903 2830791 3.584962500721156
Tb927_09_v5.1 2831980 2833439 3.15200309344505
Tb927_09_v5.1 2835351 2836082 2.736965594166206
Tb927_09_v5.1 2897942 2898386 2.584962500721156
Tb927_09_v5.1 2900754 2901199 2.0395283641866375
Tb927_09_v5.1 2905950 2906918 3.415037499278844
Tb927_09_v5.1 2907989 2908368 1.712718047919529
Tb927_09_v5.1 2912966 2914194 3.7958592832197744
Tb927_09_v5.1 2915327 2918316 4.483571521775501
Tb927_09_v5.1 2923332 2923724 5.727920454563199
Tb927_09_v5.1 2925315 2925974 2.297680548640685
Tb927_09_v5.1 2942247 2943227 1.784271308944563
Tb927_09_v5.1 2949604 2950183 0.5994620704162714
Tb927_09_v5.1 2986976 2988370 0.38187063534364446
Tb927_09_v5.1 2988398 2990720 3.5703157247567545
Tb927_09_v5.1 3001870 3002821 1.8882091745424434
Tb927_09_v5.1 3004981 3006494 1.5443205162238103
Tb927_09_v5.1 3051115 3053525 3.557995453120887
Tb927_09_v5.1 3054022 3054729 0.9779736936700011
Tb927_09_v5.1 3055744 3056815 0.5443205162238102
Tb927_09_v5.1 3057989 3059112 5.353636954614701
Tb927_09_v5.1 3082339 3083891 3.521236903110769
Tb927_09_v5.1 3085551 3087865 2.328412128457561
Tb927_09_v5.1 3095669 3097164 2.2385723483918825
Tb927_09_v5.1 3100275 3101036 1.9761890387289314
Tb927_09_v5.1 3102354 3103038 0.41503749927884376
Tb927_09_v5.1 3115896 3116206 0.3410369178350669
Tb927_09_v5.1 3122519 3124477 2.6244908649077936
Tb927_09_v5.1 3124971 3126447 0.9385994553358568
Tb927_09_v5.1 3126718 3127873 1.1154772174199359
Tb927_09_v5.1 3129130 3131514 2.916289293610768
Tb927_09_v5.1 3133948 3134820 0.8598223419517396
Tb927_09_v5.1 3191627 3192083 0.025090980962830207
Tb927_09_v5.1 3192884 3193866 2.4611792809235644
Tb927_09_v5.1 3200993 3203322 2.2700891633677442
Tb927_09_v5.1 3213796 3216072 0.289506617194985
Tb927_09_v5.1 3227449 3228127 0.22239242133644802
Tb927_09_v5.1 3248837 3249155 1.1277555471983727
Tb927_09_v5.1 3253836 3254790 1.7369655941662063
Tb927_09_v5.1 3257795 3258622 0.15200309344505006
Tb927_09_v5.1 3306037 3308454 0.8667334691365358
Tb927_09_v5.1 3322071 3322953 0.41503749927884376
Tb927_09_v5.1 3339246 3341276 1.1708006888991762
Tb927_09_v5.1 3367562 3368600 0.7935491225325735
Tb927_09_v5.1 3375604 3376482 1.1179412573714171
Tb927_09_v5.1 3383261 3383848 2.929610672108602
Tb927_09_v5.1 3402001 3402414 0.9175378398080272
Tb927_09_v5.1 3402710 3403126 2.5025003405291835
Tb927_09_v5.1 3424203 3424619 2.909802191028422
Tb927_09_v5.1 3462531 3464412 3.096861539252589
Tb927_09_v5.1 3468327 3469089 2.1154772174199357
Tb927_09_v5.1 3472760 3474113 1.0995356735509143
Tb927_09_v5.1 3478032 3478877 4.643856189774724
Tb927_09_v5.1 3480514 3481247 0.19264507794239583
Tb927_09_v5.1 3482364 3482987 3.941447817644887
Tb927_09_v5.1 3484197 3485516 0.41503749927884376
Tb927_09_v5.1 3518500 3519402 0.26918663281538896
Tb927_09_v5.1 3531618 3532018 0.22239242133644802
Tb927_10_v5.1 9775 10253 3.564784618783526
Tb927_10_v5.1 21320 22892 2.0588936890535687
Tb927_10_v5.1 35446 37825 0.5715419849588345
Tb927_10_v5.1 50896 51408 6.634206019741005
Tb927_10_v5.1 280287 280863 2.1963972128035034
Tb927_10_v5.1 282003 282952 2.3512224016814005
Tb927_10_v5.1 283956 285168 0.35922663631033774
Tb927_10_v5.1 287218 288473 1.3468027635263917
Tb927_10_v5.1 310052 312411 2.7900769306257684
Tb927_10_v5.1 367446 368587 2.342575245730124
Tb927_10_v5.1 385641 387230 0.08680482753727245
Tb927_10_v5.1 390585 391011 2.5525410230287786
Tb927_10_v5.1 391225 391932 2.807354922057604
Tb927_10_v5.1 404658 406122 6.946418959795156
Tb927_10_v5.1 413018 414971 1.8132314883942735
Tb927_10_v5.1 417384 423638 2.3841915323260845
Tb927_10_v5.1 425574 426276 1.0193653248669312
Tb927_10_v5.1 942766 944287 0.5305147166987798
Tb927_10_v5.1 944303 944990 3.3656494723166803
Tb927_10_v5.1 951489 952470 3.415037499278844
Tb927_10_v5.1 970521 972029 4.675565049502063
Tb927_10_v5.1 976953 978071 1.673771767679012
Tb927_10_v5.1 996575 998413 2.7725895038969273
Tb927_10_v5.1 1030220 1031967 1.0466500932988214
Tb927_10_v5.1 1053561 1056329 3.070389327891398
Tb927_10_v5.1 1074004 1074442 6.6422523040721355
Tb927_10_v5.1 1166496 1167224 2.142957953842043
Tb927_10_v5.1 1170112 1172569 1.36141914590453
Tb927_10_v5.1 1176908 1178813 0.2583119955913907
Tb927_10_v5.1 1438299 1440144 2.7266236499447474
Tb927_10_v5.1 1440353 1441516 5.392317422778761
Tb927_10_v5.1 1446571 1447130 3.0684797378827664
Tb927_10_v5.1 1518467 1524540 1.2060289751275608
Tb927_10_v5.1 1527838 1529027 0.052467419894135794
Tb927_10_v5.1 1534569 1535184 3.841302253980942
Tb927_10_v5.1 1615865 1616373 0.13124453327825272
Tb927_10_v5.1 1617230 1617737 0.40662525946264366
Tb927_10_v5.1 1804379 1805278 3.777607578663552
Tb927_10_v5.1 1809341 1809711 2.495410915742864
Tb927_10_v5.1 1841838 1844091 3.9164766444377164
Tb927_10_v5.1 1850069 1852419 2.6343597023020977
Tb927_10_v5.1 1891672 1892630 1.0245421842627915
Tb927_10_v5.1 1923006 1923407 0.736965594166206
Tb927_10_v5.1 1946907 1948308 3.7823308983751276
Tb927_10_v5.1 1961020 1962183 4.150714397476477
Tb927_10_v5.1 1964506 1965063 1.0140751852117227
Tb927_10_v5.1 1965410 1965783 1.15754127698648
Tb927_10_v5.1 1979544 1981373 2.2772080286869403
Tb927_10_v5.1 1991434 1992343 6.13271392234524
Tb927_10_v5.1 2000570 2002359 1.5541015370163955
Tb927_10_v5.1 2003863 2005142 5.79946151989997
Tb927_10_v5.1 2042330 2043343 5.753699609926008
Tb927_10_v5.1 2048590 2048897 6.862120725488496
Tb927_10_v5.1 2051241 2052541 5.917158931062346
Tb927_10_v5.1 2054886 2055850 4.108524456778169
Tb927_10_v5.1 2518289 2518694 0.19264507794239583
Tb927_10_v5.1 2523105 2524199 0.16992500144231237
Tb927_10_v5.1 2543713 2545054 2.308122295362332
Tb927_10_v5.1 2547517 2548689 3.4882864813094825
Tb927_10_v5.1 2595321 2595759 5.115477217419936
Tb927_10_v5.1 2627945 2629083 0.5181309922429473
Tb927_10_v5.1 2651496 2655068 0.5705921560741148
Tb927_10_v5.1 2656837 2657600 1.6244908649077936
Tb927_10_v5.1 2659612 2660712 1.8387962692603692
Tb927_10_v5.1 2662386 2663466 1.7747870596011734
Tb927_10_v5.1 2665135 2666137 1.222392421336448
Tb927_10_v5.1 2667915 2668967 1.6687940915246269
Tb927_10_v5.1 2670700 2671753 1.1451979155399357
Tb927_10_v5.1 2673471 2674518 1.4193764350031812
Tb927_10_v5.1 2676246 2677320 1.5612582401298876
Tb927_10_v5.1 2679021 2679947 1.9365746198583664
Tb927_10_v5.1 2681784 2682955 2.027221468735024
Tb927_10_v5.1 2683652 2684947 0.03170885972733836
Tb927_10_v5.1 2688678 2690003 2.098032082960527
Tb927_10_v5.1 2691511 2692994 1.6584915361431214
Tb927_10_v5.1 2739502 2740674 0.07800251200127316
Tb927_10_v5.1 2745598 2747977 2.1265324059289314
Tb927_10_v5.1 3001530 3002486 3.908542221479677
Tb927_10_v5.1 3004501 3007009 0.9102033296493544
Tb927_10_v5.1 3010564 3012508 0.8575557349797949
Tb927_10_v5.1 3017247 3018114 1.0588936890535685
Tb927_10_v5.1 3032576 3034575 2.6563880783191762
Tb927_10_v5.1 3036288 3037466 0.48143872500135354
Tb927_10_v5.1 3065403 3067882 1.3536369546147005
Tb927_10_v5.1 3070585 3072584 0.8586441507544587
Tb927_10_v5.1 3087453 3088592 1.7646219370690714
Tb927_10_v5.1 3101097 3106133 1.9956998625663744
Tb927_10_v5.1 3106199 3107946 2.5443205162238103
Tb927_10_v5.1 3112210 3113061 1.1375035237499351
Tb927_10_v5.1 3158444 3159875 1.790463142658831
Tb927_10_v5.1 3164178 3165545 2.4982508675278257
Tb927_10_v5.1 3230434 3231136 2.0473057147783567
Tb927_10_v5.1 3245176 3246926 2.0149503414659717
Tb927_10_v5.1 3260310 3262413 0.20594190055585376
Tb927_10_v5.1 3290866 3291501 1.1239887172754532
Tb927_10_v5.1 3329592 3330404 6.428127498719287
Tb927_10_v5.1 3338729 3339134 2.678071905112638
Tb927_10_v5.1 3351184 3352079 2.5025003405291835
Tb927_10_v5.1 3361255 3362060 3.1408625358398496
Tb927_10_v5.1 3367663 3368400 2.423211430724544
Tb927_10_v5.1 3368612 3371027 2.101407116336217
Tb927_10_v5.1 3372934 3374946 0.41503749927884376
Tb927_10_v5.1 3395815 3397208 1.6428434168016561
Tb927_10_v5.1 3402028 3403661 1.9827220085681645
Tb927_10_v5.1 3417379 3418644 3.148391839892671
Tb927_10_v5.1 3431684 3432134 0.655351828612554
Tb927_10_v5.1 3433141 3435313 3.9936584731261733
Tb927_10_v5.1 3437093 3437945 0.5525410230287786
Tb927_10_v5.1 3439358 3441405 4.752602225207106
Tb927_10_v5.1 3446885 3447795 4.307939756608259
Tb927_10_v5.1 3456322 3456727 1.0
Tb927_10_v5.1 3469278 3472960 0.7062687969432897
Tb927_10_v5.1 3481659 3483417 0.5386688484472213
Tb927_10_v5.1 3487106 3487612 3.6667565918848033
Tb927_10_v5.1 3509668 3510398 0.7104933828050152
Tb927_10_v5.1 3540548 3541570 0.22239242133644802
Tb927_10_v5.1 3543518 3547235 2.556238211684525
Tb927_10_v5.1 3549403 3550486 1.9856650839276258
Tb927_10_v5.1 3563295 3565569 2.7870062766658017
Tb927_10_v5.1 3569804 3570919 3.2051144299046124
Tb927_10_v5.1 3580825 3582199 1.3875567628567367
Tb927_10_v5.1 3596870 3598428 1.2563397532597855
Tb927_10_v5.1 3610193 3611145 7.554588851677638
Tb927_11_v5.1 1 1557 1.3862785062974197
Tb927_11_v5.1 1780 3041 1.3219280948873624
Tb927_11_v5.1 4304 5220 0.8889686876112561
Tb927_11_v5.1 29298 29615 3.6244908649077936
Tb927_11_v5.1 34885 36006 2.9945248699338487
Tb927_11_v5.1 37430 39362 3.094887947917601
Tb927_11_v5.1 41752 42467 2.15200309344505
Tb927_11_v5.1 71608 73603 1.6030643070964667
Tb927_11_v5.1 84302 85277 5.880418384247327
Tb927_11_v5.1 86824 88406 0.006572653923486113
Tb927_11_v5.1 109760 110901 2.1844245711374275
Tb927_11_v5.1 112408 114338 5.286350424641297
Tb927_11_v5.1 116740 119370 1.5133395728906478
Tb927_11_v5.1 125016 127658 5.3339007365534385
Tb927_11_v5.1 138704 139547 4.523561956057013
Tb927_11_v5.1 143685 145731 0.5544875423808093
Tb927_11_v5.1 148487 149490 2.4447848426728958
Tb927_11_v5.1 172171 174440 4.964034502712127
Tb927_11_v5.1 500886 501995 1.082462160191973
Tb927_11_v5.1 517478 518757 0.14499506665985692
Tb927_11_v5.1 520394 522887 0.22239242133644802
Tb927_11_v5.1 524766 526356 2.3058084295240855
Tb927_11_v5.1 528600 529516 0.5353317329965557
Tb927_11_v5.1 529740 530128 5.247927513443585
Tb927_11_v5.1 537248 538095 3.120093845490306
Tb927_11_v5.1 552691 553176 1.0931094043914815
Tb927_11_v5.1 553374 554674 1.5156414402172496
Tb927_11_v5.1 717731 719094 5.174370906473505
Tb927_11_v5.1 736559 738820 1.9781073941511578
Tb927_11_v5.1 742550 743289 0.38312825132409983
Tb927_11_v5.1 750653 754147 2.2025964371274123
Tb927_11_v5.1 765586 765982 0.645335118700638
Tb927_11_v5.1 775835 777419 3.1503627350637946
Tb927_11_v5.1 809660 810498 5.796271422928588
Tb927_11_v5.1 823152 824389 0.645335118700638
Tb927_11_v5.1 841761 842843 1.1124747292584127
Tb927_11_v5.1 847096 849426 0.7259315438912293
Tb927_11_v5.1 880444 882174 3.2563397532597858
Tb927_11_v5.1 885962 887083 3.941897045436432
Tb927_11_v5.1 889342 890867 0.8231222379159207
Tb927_11_v5.1 1219049 1220306 2.643856189774725
Tb927_11_v5.1 1220930 1222580 3.727920454563199
Tb927_11_v5.1 1229145 1231304 3.636356087263974
Tb927_11_v5.1 1236338 1236955 1.9455522159776235
Tb927_11_v5.1 1278246 1279687 3.6244908649077936
Tb927_11_v5.1 1282181 1283262 1.8688533263141802
Tb927_11_v5.1 1285655 1287110 2.146220740851044
Tb927_11_v5.1 1691722 1692082 2.736965594166206
Tb927_11_v5.1 1701503 1701976 1.784271308944563
Tb927_11_v5.1 1727891 1729165 3.530010189664126
Tb927_11_v5.1 1750469 1754040 2.3470881687857625
Tb927_11_v5.1 1756109 1758825 0.5982593233346142
Tb927_11_v5.1 1770813 1772220 1.3219280948873624
Tb927_11_v5.1 1783158 1785069 0.6713772525386293
Tb927_11_v5.1 1789712 1791359 3.4180399874403675
Tb927_11_v5.1 1816616 1820048 4.892391025913404
Tb927_11_v5.1 1822654 1826877 1.5260688116675876
Tb927_11_v5.1 1862292 1863301 0.43558487668292956
Tb927_11_v5.1 1867388 1868343 6.312882955284356
Tb927_11_v5.1 1898570 1900634 1.111645355828909
Tb927_11_v5.1 1923151 1924131 2.359895945086383
Tb927_11_v5.1 1964355 1966208 2.2110375263688717
Tb927_11_v5.1 1975534 1977347 0.6780719051126377
Tb927_11_v5.1 1987443 1988515 3.352430183284706
Tb927_11_v5.1 2116617 2117813 1.2019765847823536
Tb927_11_v5.1 2140102 2141224 1.712718047919529
Tb927_11_v5.1 2206379 2209196 0.6506657477719858
Tb927_11_v5.1 2227361 2229159 1.62479785395904
Tb927_11_v5.1 2232011 2232743 1.2895066171949847
Tb927_11_v5.1 2234135 2235955 2.308752706139629
Tb927_11_v5.1 2575739 2576844 0.21365761135883923
Tb927_11_v5.1 2579980 2583108 0.32324502335935335
Tb927_11_v5.1 2583830 2585687 2.599651886223517
Tb927_11_v5.1 2588498 2589486 0.13124453327825272
Tb927_11_v5.1 2590262 2590789 0.6951454184715792
Tb927_11_v5.1 2599830 2601052 0.6421064078247651
Tb927_11_v5.1 2603781 2604729 2.751320887143276
Tb927_11_v5.1 2608312 2609304 0.18057224564182084
Tb927_11_v5.1 2610108 2610883 0.6710202823423532
Tb927_11_v5.1 2613209 2613928 1.959358015502654
Tb927_11_v5.1 2614529 2616301 2.807354922057604
Tb927_11_v5.1 3205559 3205966 0.37851162325372983
Tb927_11_v5.1 3209868 3210425 3.3692338096657193
Tb927_11_v5.1 3210761 3211136 0.796466605914868
Tb927_11_v5.1 3446242 3448085 0.29042994205267
Tb927_11_v5.1 3455817 3456301 0.24838762986939228
Tb927_11_v5.1 3469408 3471329 2.2223924213364477
Tb927_11_v5.1 3495982 3497150 2.6166713604484944
Tb927_11_v5.1 3546066 3548510 0.7351943293140131
Tb927_11_v5.1 3550773 3553021 0.6826885331830077
Tb927_11_v5.1 3558485 3559577 2.3301895355980746
Tb927_11_v5.1 3606774 3608054 0.289506617194985
Tb927_11_v5.1 3610314 3610632 1.3219280948873624
Tb927_11_v5.1 3613627 3614326 2.736965594166206
Tb927_11_v5.1 3626517 3627431 1.2743870589747095
Tb927_11_v5.1 3632661 3634265 1.285718356705277
Tb927_11_v5.1 3898480 3899475 0.04938802696216348
Tb927_11_v5.1 3914075 3915180 2.0906025487809066
Tb927_11_v5.1 3916131 3917354 2.2451124978365313
Tb927_11_v5.1 3918711 3920712 3.534472730267463
Tb927_11_v5.1 3920830 3921421 1.4150374992788437
Tb927_11_v5.1 3921637 3922989 1.1255308820838588
Tb927_11_v5.1 3928905 3929264 1.0
Tb927_11_v5.1 3939548 3941883 0.7085371858396886
Tb927_11_v5.1 3949053 3949784 0.6244908649077937
Tb927_11_v5.1 3949874 3950952 2.7842713089445628
Tb927_11_v5.1 3976868 3977872 5.761797447146142
Tb927_11_v5.1 3981191 3983509 1.7208459288029292
Tb927_11_v5.1 3989416 3990220 1.1730647089728796
Tb927_11_v5.1 3996879 3998343 2.0644675338781604
Tb927_11_v5.1 4026753 4028403 0.5583399773113932
Tb927_11_v5.1 4055351 4056732 3.029747343394052
Tb927_11_v5.1 4077999 4079164 1.8122537214704433
Tb927_11_v5.1 4081499 4082251 0.19497313241060796
Tb927_11_v5.1 4125865 4126949 2.5305147166987796
Tb927_11_v5.1 4138536 4139293 1.4150374992788437
Tb927_11_v5.1 4139798 4140491 4.4105220181563505
Tb927_11_v5.1 4196098 4197226 1.697412025443524
Tb927_11_v5.1 4202708 4203409 0.6839043504147925
Tb927_11_v5.1 4237169 4239039 1.4024274504236014
Tb927_11_v5.1 4253031 4254239 1.916021607360647
Tb927_11_v5.1 4256183 4257598 3.7796099315747
Tb927_11_v5.1 4275231 4278703 1.0
Tb927_11_v5.1 4319534 4320170 0.8073549220576041
Tb927_11_v5.1 4332161 4335004 0.561878887608115
Tb927_11_v5.1 4347266 4348865 1.7013416844354847
Tb927_11_v5.1 4352544 4353379 2.700439718141092
Tb927_11_v5.1 4362661 4363699 0.6252172365137508
Tb927_11_v5.1 4392147 4393101 2.222392421336448
Tb927_11_v5.1 4402888 4403731 2.078002512001273
Tb927_11_v5.1 4436533 4437864 0.298713381311612
Tb927_11_v5.1 4457102 4458256 0.22239242133644802
Tb927_11_v5.1 4459984 4461978 2.708344916226438
Tb927_11_v5.1 4469643 4470922 4.470319934780034
Tb927_11_v5.1 4475522 4477643 2.6582114827517946
Tb927_11_v5.1 4482192 4483499 0.4877938417141578
Tb927_11_v5.1 4497172 4497616 2.478047296804644
Tb927_11_v5.1 4504194 4504835 5.568167258178178
Tb927_11_v5.1 4524952 4526327 5.009984088572622
Tb927_11_v5.1 4530133 4531841 5.862363869508772
Tb927_11_v5.1 4572237 4572677 0.09310940439148145
Tb927_11_v5.1 4581792 4582759 5.78135971352466
Tb927_11_v5.1 4622807 4623590 4.599912842187128
Tb927_11_v5.1 4674517 4674923 1.0852851879449694
Tb927_11_v5.1 4676637 4677338 1.078002512001273
Tb927_11_v5.1 4682948 4683991 0.9385994553358568
Tb927_11_v5.1 4685151 4686929 3.9385994553358565
Tb927_11_v5.1 4778493 4781565 1.850265158280772
Tb927_11_v5.1 4790121 4790906 1.1695107315066908
Tb927_11_v5.1 4792040 4792715 0.9216716393150405
Tb927_11_v5.1 4795491 4796971 2.770964542162281
Tb927_11_v5.1 4797441 4799679 4.6692787866546315
Tb927_11_v5.1 4807086 4808171 1.8149681061674794
Tb927_11_v5.1 4808389 4808743 0.13124453327825272
Tb927_11_v5.1 4818601 4819845 1.8121399846229809
Tb927_11_v5.1 4822062 4822449 0.5647846187835259
Tb927_11_v5.1 4828341 4828823 1.6674246609131291
Tb927_11_v5.1 4830950 4831459 2.222392421336448
Tb927_11_v5.1 4861215 4862167 4.890770930245242
Tb927_11_v5.1 4876645 4876987 1.1043366598147355
Tb927_11_v5.1 4886204 4886659 2.4329594072761065
Tb927_11_v5.1 4908660 4910300 0.2125446353801006
Tb927_11_v5.1 4916884 4918315 0.567040592723894
Tb927_11_v5.1 4970445 4971004 3.7725895038969273
Tb927_11_v5.1 4977126 4978985 2.7752937128253055
Tb927_11_v5.1 4979015 4979350 0.6629650127224292
Tb927_11_v5.1 4990697 4991129 0.5849625007211562
Tb927_11_v5.1 4994559 4995137 0.41503749927884376
Tb927_11_v5.1 5002904 5003778 3.264703226194412
Tb927_11_v5.1 5012533 5013239 0.8413022539809418
Tb927_11_v5.1 5017272 5017974 2.9385994553358565
Tb927_11_v5.1 5021852 5023082 1.4150374992788437
Tb927_11_v5.1 5038630 5039911 2.8744691179161412
Tb927_11_v5.1 5041055 5041428 0.7725895038969275
Tb927_11_v5.1 5042152 5043180 4.772589503896928
Tb927_11_v5.1 5052109 5054392 2.4988058569714418
Tb927_11_v5.1 5084470 5084856 1.6880559936852595
Tb927_11_v5.1 5086283 5087754 3.500002166673987
