Tb927_01_v5.1 974465 974799 1.3750394313469247
Tb927_02_v5.1 21066 21667 0.22007483844304881
Tb927_02_v5.1 125817 126163 0.26006283930250296
Tb927_03_v5.1 108693 109515 2.7935491225325735
Tb927_03_v5.1 333970 335220 0.9942636304508555
Tb927_03_v5.1 620150 620806 4.584962500721156
Tb927_04_v5.1 599069 599728 1.2895066171949847
Tb927_04_v5.1 745613 746200 0.17724038494407285
Tb927_05_v5.1 179061 179678 0.41503749927884376
Tb927_05_v5.1 986971 987942 2.1290419450017386
Tb927_05_v5.1 1681901 1682331 0.7670228280223862
Tb927_07_v5.1 292248 292560 1.1338557467347905
Tb927_07_v5.1 1378361 1379218 3.339137384919585
Tb927_07_v5.1 1419769 1420468 0.22239242133644774
Tb927_08_v5.1 11087 11461 0.7154324326165651
Tb927_08_v5.1 19363 19939 2.6166713604484944
Tb927_08_v5.1 34334 34805 2.2854022188622483
Tb927_08_v5.1 39956 40435 1.2895066171949847
Tb927_08_v5.1 124686 125122 0.5525410230287786
Tb927_08_v5.1 133311 133738 1.1154772174199359
Tb927_08_v5.1 2328261 2328716 2.4374053123072983
Tb927_08_v5.1 2392700 2393251 1.0104166159453385
Tb927_08_v5.1 2395252 2395763 0.9434164716336326
Tb927_09_v5.1 135465 135961 0.22239242133644802
Tb927_10_v5.1 220845 221408 3.0497530351971
Tb927_10_v5.1 270856 271882 0.3491495636223866
Tb927_10_v5.1 1743428 1743890 0.22239242133644802
Tb927_10_v5.1 1768463 1769486 0.7480207826752018
Tb927_10_v5.1 2177930 2178724 1.0166019673371296
Tb927_10_v5.1 2300875 2301390 2.4064243689741356
Tb927_10_v5.1 2382461 2383509 4.807354922057604
Tb927_10_v5.1 2812438 2812912 0.32832586608551295
Tb927_10_v5.1 2909612 2910018 1.0862323976440789
Tb927_01_v5.1 7774 8245 3.2223924213364477
Tb927_01_v5.1 42487 42919 1.5892884261239462
Tb927_01_v5.1 234188 234562 4.2976805486406855
Tb927_02_v5.1 467188 468330 1.0874628412503393
Tb927_02_v5.1 753812 754274 4.523561956057013
Tb927_02_v5.1 888455 889623 0.22948184612276717
Tb927_03_v5.1 805262 805652 5.415037499278844
Tb927_03_v5.1 1638521 1638980 4.087462841250339
Tb927_04_v5.1 1067167 1067556 0.5849625007211562
Tb927_04_v5.1 1310974 1311346 0.056583528366367514
Tb927_04_v5.1 1449921 1450794 0.03242147769237742
Tb927_05_v5.1 1143711 1144135 3.2479275134435857
Tb927_05_v5.1 1299209 1299588 1.4150374992788437
Tb927_05_v5.1 1626588 1627293 1.6076825772212395
Tb927_05_v5.1 1667691 1668132 2.0588936890535687
Tb927_05_v5.1 1720069 1720555 2.7900769306257684
Tb927_06_v5.1 395806 396313 2.807354922057604
Tb927_06_v5.1 416113 416544 0.4495258756641346
Tb927_06_v5.1 490377 490680 1.0
Tb927_06_v5.1 1601702 1602182 1.2895066171949847
Tb927_07_v5.1 105599 105934 0.7465516429954042
Tb927_07_v5.1 141695 142027 1.222392421336448
Tb927_07_v5.1 156549 157043 1.0524674198941357
Tb927_07_v5.1 1214753 1215202 1.3219280948873624
Tb927_07_v5.1 1217571 1218269 3.2428565238961635
Tb927_07_v5.1 1295073 1295417 2.8744691179161412
Tb927_07_v5.1 1883719 1884380 3.5443205162238103
Tb927_07_v5.1 1980610 1980954 2.751320887143276
Tb927_07_v5.1 2061976 2062285 0.6147098441152082
Tb927_07_v5.1 2094890 2095284 0.7369655941662062
Tb927_08_v5.1 1096516 1097394 4.584962500721156
Tb927_09_v5.1 1507559 1507869 3.736965594166206
Tb927_09_v5.1 1664434 1664783 0.45943161863729726
Tb927_10_v5.1 286673 287199 1.7369655941662063
Tb927_10_v5.1 1141398 1141806 1.784271308944563
Tb927_10_v5.1 1614862 1615421 1.2515387669959643
Tb927_10_v5.1 1921854 1922996 0.38702312310924725
Tb927_10_v5.1 3244810 3245144 1.874469117916141
Tb927_10_v5.1 3309809 3310466 2.471305718925589
Tb927_10_v5.1 3416722 3417332 4.285402218862249
Tb927_11_v5.1 711570 712217 1.723790205418473
Tb927_11_v5.1 712660 713194 3.2479275134435857
Tb927_11_v5.1 766949 767536 0.41503749927884376
Tb927_11_v5.1 1792565 1793118 0.9004643264490856
Tb927_11_v5.1 1949466 1950481 0.6129768768907526
Tb927_11_v5.1 3457256 3457678 0.39993060688863546
Tb927_11_v5.1 4908015 4908530 3.178803152788765
