Tb927_01_v5.1 4445 4941 0.6520766965796931
Tb927_01_v5.1 60141 61723 1.3650808385049582
Tb927_01_v5.1 104654 105469 0.5213138242827575
Tb927_01_v5.1 111613 111962 0.9838803346367231
Tb927_01_v5.1 112710 113415 0.602664502454615
Tb927_01_v5.1 128926 129376 0.5612582401298877
Tb927_01_v5.1 147605 148103 0.15978044403676941
Tb927_01_v5.1 149354 149874 0.15200309344505006
Tb927_01_v5.1 153452 153834 1.797507136101257
Tb927_01_v5.1 155762 156202 0.871013559279922
Tb927_01_v5.1 166923 167364 0.4201808025548036
Tb927_01_v5.1 177514 177891 3.380821783940931
Tb927_01_v5.1 181062 181419 0.3131578852596303
Tb927_01_v5.1 181744 182198 1.7500217469916526
Tb927_01_v5.1 188465 188938 0.7369655941662062
Tb927_01_v5.1 190391 191332 0.20858662181141732
Tb927_01_v5.1 287009 288656 0.21187454942244843
Tb927_01_v5.1 319897 321727 0.8930847960834881
Tb927_01_v5.1 325379 326269 0.18762700317577127
Tb927_01_v5.1 326452 327443 0.056143078037533614
Tb927_01_v5.1 335310 336868 0.6727053953628224
Tb927_01_v5.1 338897 339922 0.4062136488918377
Tb927_01_v5.1 341064 342141 0.9385994553358568
Tb927_01_v5.1 358543 359378 0.7529071380352277
Tb927_01_v5.1 364954 366701 0.4607910944444597
Tb927_01_v5.1 404682 405549 0.85042364394949
Tb927_01_v5.1 424603 425490 0.07800251200127316
Tb927_01_v5.1 441127 441956 1.3219280948873624
Tb927_01_v5.1 481765 482616 0.7369655941662062
Tb927_01_v5.1 499964 500876 2.11379477403289
Tb927_01_v5.1 516690 517680 1.3442959079158168
Tb927_01_v5.1 542496 543428 0.07800251200127316
Tb927_01_v5.1 545492 545857 1.1429579538420431
Tb927_01_v5.1 552661 554977 1.7935491225325735
Tb927_01_v5.1 585660 586669 3.1154772174199357
Tb927_01_v5.1 608377 609312 3.325622578445104
Tb927_01_v5.1 622624 624084 1.0729315224538511
Tb927_01_v5.1 663366 663717 0.8073549220576041
Tb927_01_v5.1 677938 678991 1.3068212024971542
Tb927_01_v5.1 683308 684752 0.6495715821442326
Tb927_01_v5.1 711669 712403 1.6201519291834563
Tb927_01_v5.1 775167 775567 0.22026612022806014
Tb927_01_v5.1 790225 790826 0.3417208216359228
Tb927_01_v5.1 811218 811884 0.9827220085681645
Tb927_01_v5.1 818821 821073 0.3350154158476389
Tb927_01_v5.1 838769 840881 0.5962072578887786
Tb927_01_v5.1 847169 848885 2.0170735133589415
Tb927_01_v5.1 863192 865081 3.4329594072761065
Tb927_01_v5.1 911146 912666 0.5494149220420591
Tb927_01_v5.1 912934 915493 2.193633428355024
Tb927_01_v5.1 1001289 1002585 0.9884352483670776
Tb927_01_v5.1 1011616 1012637 1.2451124978365313
Tb927_01_v5.1 1014118 1015004 0.5025003405291834
Tb927_01_v5.1 1043709 1044485 1.1805722456418208
Tb927_01_v5.1 1044704 1045237 0.7560744171139108
Tb927_02_v5.1 8350 9019 0.6979714625503425
Tb927_02_v5.1 11894 12261 1.1382570860762289
Tb927_02_v5.1 17389 17729 1.1876270031757712
Tb927_02_v5.1 118399 119068 0.05638246989751868
Tb927_02_v5.1 123999 124442 0.5474877953024933
Tb927_02_v5.1 124738 125168 0.070389327891398
Tb927_02_v5.1 128859 130132 1.874469117916141
Tb927_02_v5.1 156289 157000 0.4041491831361076
Tb927_02_v5.1 157063 158699 0.6977949968855284
Tb927_02_v5.1 163189 164208 1.222392421336448
Tb927_02_v5.1 169927 170758 0.5305147166987798
Tb927_02_v5.1 228003 228422 0.18915609186251625
Tb927_02_v5.1 229688 230547 0.22978708150757016
Tb927_02_v5.1 240750 241539 1.1030934929641034
Tb927_02_v5.1 241757 242545 1.2730184944064158
Tb927_02_v5.1 245490 246117 0.017487426728841078
Tb927_02_v5.1 247434 247951 1.6665762662748083
Tb927_02_v5.1 259452 259844 3.5360529002402097
Tb927_02_v5.1 260074 260680 1.3932331289604956
Tb927_02_v5.1 263715 264336 0.5725787762653238
Tb927_02_v5.1 273260 273838 0.058893689053568614
Tb927_02_v5.1 277800 279024 1.8585526991338208
Tb927_02_v5.1 282015 282871 0.7884958948062882
Tb927_02_v5.1 283890 284627 0.18057224564182084
Tb927_02_v5.1 289295 290077 1.1993088082234067
Tb927_02_v5.1 312306 313305 0.2630344058337938
Tb927_02_v5.1 324700 325257 1.1312445332782528
Tb927_02_v5.1 327075 329115 1.0556480295499144
Tb927_02_v5.1 361733 363545 1.0665977487290237
Tb927_02_v5.1 554980 556271 1.2582287159399757
Tb927_02_v5.1 557607 559768 0.40863972808069327
Tb927_02_v5.1 574848 577167 0.41891050842605027
Tb927_02_v5.1 602843 603189 0.12928301694496647
Tb927_02_v5.1 606103 606735 0.035351111197075215
Tb927_02_v5.1 609511 610280 0.009522774118506636
Tb927_02_v5.1 906224 907527 2.3081222953623315
Tb927_02_v5.1 914383 915023 1.4405725913859815
Tb927_02_v5.1 918789 921395 0.14697627637021715
Tb927_02_v5.1 924573 925138 0.41503749927884376
Tb927_02_v5.1 943873 944236 0.5849625007211562
Tb927_02_v5.1 945781 946324 0.7906257273258075
Tb927_02_v5.1 946376 946785 0.4191772296397677
Tb927_02_v5.1 949697 950572 0.8607421348046291
Tb927_02_v5.1 951563 952529 1.1388277046973168
Tb927_02_v5.1 953572 954385 0.4619585466663363
Tb927_02_v5.1 955447 955828 0.7098719332839308
Tb927_02_v5.1 955868 956346 0.9355112735482864
Tb927_02_v5.1 957018 957327 1.7036810024541338
Tb927_02_v5.1 957397 957723 0.9237644141729147
Tb927_02_v5.1 960217 961578 3.6227174227165744
Tb927_02_v5.1 1012439 1013243 0.7484612330040356
Tb927_02_v5.1 1023315 1024730 1.6935263329013088
Tb927_02_v5.1 1027868 1029070 0.5985240137382349
Tb927_02_v5.1 1044559 1045506 0.8374469872140401
Tb927_02_v5.1 1071314 1071840 0.5994620704162714
Tb927_02_v5.1 1081560 1083045 1.6818240399737452
Tb927_02_v5.1 1087210 1088642 0.7237902054184729
Tb927_02_v5.1 1107239 1107843 0.41503749927884376
Tb927_03_v5.1 3726 6121 1.1030934929641036
Tb927_03_v5.1 24585 25068 0.507483748043439
Tb927_03_v5.1 26981 27829 1.6100534816839867
Tb927_03_v5.1 28700 29225 1.2529807411698708
Tb927_03_v5.1 35980 36466 1.584962500721156
Tb927_03_v5.1 36926 37436 0.26918663281538896
Tb927_03_v5.1 39973 40450 1.5305147166987798
Tb927_03_v5.1 41268 42107 1.0931094043914815
Tb927_03_v5.1 42774 43167 1.0
Tb927_03_v5.1 48223 49082 0.7369655941662062
Tb927_03_v5.1 69358 71067 0.15200309344505006
Tb927_03_v5.1 71396 72726 1.6979714625503426
Tb927_03_v5.1 84403 86569 0.9903498299662806
Tb927_03_v5.1 113622 114167 0.41503749927884376
Tb927_03_v5.1 114316 115100 1.064851144349968
Tb927_03_v5.1 145550 147200 0.8300749985576875
Tb927_03_v5.1 147649 149509 1.1422220726524646
Tb927_03_v5.1 233233 234010 1.4854268271702418
Tb927_03_v5.1 251235 252668 0.12384608095709211
Tb927_03_v5.1 253090 253792 1.2016338611696504
Tb927_03_v5.1 258584 260076 1.3088071731539213
Tb927_03_v5.1 293549 295491 0.6057210608879536
Tb927_03_v5.1 330127 331317 0.39993060688863546
Tb927_03_v5.1 370133 370783 0.22239242133644802
Tb927_03_v5.1 372572 372986 0.18371195317238806
Tb927_03_v5.1 377138 378683 1.6629650127224294
Tb927_03_v5.1 606896 607541 0.22239242133644802
Tb927_03_v5.1 608953 610205 1.305301776299953
Tb927_03_v5.1 616658 617008 0.5145731728297582
Tb927_03_v5.1 618114 619249 0.7062687969432897
Tb927_03_v5.1 974227 975590 0.3196423351683034
Tb927_03_v5.1 1001147 1003276 0.5353317329965557
Tb927_03_v5.1 1016781 1017788 0.9959869374933766
Tb927_03_v5.1 1018127 1018434 0.04306872189188593
Tb927_03_v5.1 1018893 1020883 1.2435570313344901
Tb927_03_v5.1 1023656 1025669 0.6201519291834564
Tb927_03_v5.1 1061111 1061733 0.985786140780299
Tb927_03_v5.1 1064025 1065354 2.415037499278844
Tb927_03_v5.1 1082811 1083621 0.12380620161439772
Tb927_03_v5.1 1097283 1098380 0.8189344409524874
Tb927_03_v5.1 1107494 1108777 1.0088781513464529
Tb927_03_v5.1 1112391 1113395 1.1154772174199359
Tb927_03_v5.1 1423610 1425461 0.5994620704162712
Tb927_03_v5.1 1425705 1428180 2.3086005632403697
Tb927_03_v5.1 1429510 1431179 0.8365012677171206
Tb927_03_v5.1 1432379 1433830 2.4240262825060985
Tb927_03_v5.1 1438049 1438803 1.311659759433535
Tb927_03_v5.1 1485151 1488178 1.078002512001273
Tb927_03_v5.1 1498384 1499408 1.0278893971734695
Tb927_03_v5.1 1506622 1508755 1.5384199147841262
Tb927_03_v5.1 1580170 1581841 0.4537179674429037
Tb927_03_v5.1 1617930 1618869 2.15200309344505
Tb927_03_v5.1 1623497 1624601 0.3131578852596303
Tb927_03_v5.1 1625142 1626506 1.6244908649077936
Tb927_04_v5.1 8212 9230 0.38187063534364446
Tb927_04_v5.1 29941 30606 0.7226261548936861
Tb927_04_v5.1 320492 320853 2.2895066171949847
Tb927_04_v5.1 537473 539820 0.2700891633677442
Tb927_04_v5.1 591839 593597 1.147341716075187
Tb927_04_v5.1 629581 631515 2.076452060437873
Tb927_04_v5.1 633656 634833 1.584962500721156
Tb927_04_v5.1 685549 686898 0.5849625007211562
Tb927_04_v5.1 695802 697532 2.5443205162238103
Tb927_04_v5.1 703223 705546 0.3743955147814979
Tb927_04_v5.1 730634 731449 1.298550136810736
Tb927_04_v5.1 767129 768355 0.2871626767266859
Tb927_04_v5.1 774393 775341 1.1483918398926711
Tb927_04_v5.1 785683 787615 3.0843162859334754
Tb927_04_v5.1 812686 813981 0.37656335146420816
Tb927_04_v5.1 820225 821353 2.6244908649077936
Tb927_04_v5.1 832749 833691 2.259806382979565
Tb927_04_v5.1 837807 839748 1.2134036381091933
Tb927_04_v5.1 960718 962250 1.3890422907458992
Tb927_04_v5.1 966822 967845 1.2620855764402448
Tb927_04_v5.1 969044 969461 0.47732177753318666
Tb927_04_v5.1 976983 977921 2.523561956057013
Tb927_04_v5.1 1474179 1474661 0.5305147166987798
Tb927_05_v5.1 16588 17526 0.30812229536233166
Tb927_05_v5.1 19164 19516 1.3219280948873624
Tb927_05_v5.1 21013 23151 1.261741088812273
Tb927_05_v5.1 48058 48538 1.222392421336448
Tb927_05_v5.1 59992 60619 1.328325866085513
Tb927_05_v5.1 67252 68429 0.9411063109464314
Tb927_05_v5.1 69602 70046 1.3625700793847084
Tb927_05_v5.1 107863 109745 1.289506617194985
Tb927_05_v5.1 112430 113736 1.3765633514642082
Tb927_05_v5.1 116763 117648 1.5101947323191838
Tb927_05_v5.1 174692 176213 0.06273575534796275
Tb927_05_v5.1 182528 183088 0.7935491225325735
Tb927_05_v5.1 271396 272772 1.230954434839872
Tb927_05_v5.1 274988 276515 1.1993088082234067
Tb927_05_v5.1 282410 285735 1.3404244385047517
Tb927_05_v5.1 286252 287293 3.6147098441152083
Tb927_05_v5.1 288142 289588 1.490325626583081
Tb927_05_v5.1 299954 301142 1.0198995574377048
Tb927_05_v5.1 303493 306675 0.5686606883920557
Tb927_05_v5.1 321109 323779 0.568511979940562
Tb927_05_v5.1 323793 325455 0.7917580670065856
Tb927_05_v5.1 339917 340480 0.5305147166987798
Tb927_05_v5.1 376693 378422 0.16778609068597755
Tb927_05_v5.1 394677 395573 2.321928094887362
Tb927_05_v5.1 407775 408701 0.8132314883942734
Tb927_05_v5.1 417749 418506 1.0
Tb927_05_v5.1 502510 503568 1.0588936890535685
Tb927_05_v5.1 566564 567508 1.6114347120823471
Tb927_05_v5.1 583622 584017 0.7045441164738286
Tb927_05_v5.1 613640 613960 1.561878887608115
Tb927_05_v5.1 613966 614431 1.0931094043914815
Tb927_05_v5.1 634199 635249 2.9385994553358565
Tb927_05_v5.1 640486 641026 0.5604679388004076
Tb927_05_v5.1 644242 645244 1.8073549220576042
Tb927_05_v5.1 663027 664156 0.04306872189188593
Tb927_05_v5.1 742655 743805 1.1612809070330605
Tb927_05_v5.1 746590 748566 0.925999418556223
Tb927_05_v5.1 776770 778470 0.9004643264490856
Tb927_05_v5.1 812863 813638 1.6374299206152918
Tb927_05_v5.1 834632 835735 1.2439255828860891
Tb927_05_v5.1 839028 840916 0.27510723813436877
Tb927_05_v5.1 905293 906210 1.5165755257409061
Tb927_05_v5.1 928527 929511 0.6578940231750073
Tb927_05_v5.1 991212 992792 2.34577483684173
Tb927_05_v5.1 1011929 1013180 2.5098610454804375
Tb927_05_v5.1 1015092 1016313 1.3325753390868709
Tb927_05_v5.1 1169092 1170379 1.9335949194375723
Tb927_05_v5.1 1171140 1172452 0.365568823014544
Tb927_05_v5.1 1178714 1180537 0.5075496380683818
Tb927_05_v5.1 1184267 1185141 1.6545034339742333
Tb927_05_v5.1 1188666 1189580 2.9004643264490855
Tb927_05_v5.1 1204522 1204844 2.273018494406416
Tb927_05_v5.1 1231691 1232019 1.3219280948873624
Tb927_05_v5.1 1236481 1237402 0.7369655941662062
Tb927_05_v5.1 1263403 1264377 0.6312460489919194
Tb927_05_v5.1 1266320 1267828 0.567040592723894
Tb927_05_v5.1 1268085 1269618 0.9751253313609708
Tb927_05_v5.1 1269834 1271938 1.107528464304445
Tb927_05_v5.1 1273717 1274205 1.4405725913859815
Tb927_05_v5.1 1276546 1278480 0.6687940915246268
Tb927_05_v5.1 1284411 1285241 1.7045441164738286
Tb927_05_v5.1 1286294 1288849 1.464753258905492
Tb927_05_v5.1 1290139 1291208 2.9798221180623696
Tb927_05_v5.1 1291938 1292935 0.5237731388197245
Tb927_05_v5.1 1401137 1402518 0.9730329523997306
Tb927_05_v5.1 1407681 1409045 0.415037499278844
Tb927_05_v5.1 1427455 1427902 0.9385994553358568
Tb927_05_v5.1 1675775 1676081 0.3131578852596303
Tb927_05_v5.1 1682599 1683951 0.7548875021634686
Tb927_05_v5.1 1686738 1687261 0.33750089880782347
Tb927_05_v5.1 1760494 1760911 1.0732489820306386
Tb927_05_v5.1 1762015 1763236 1.7369655941662063
Tb927_05_v5.1 1786769 1787950 0.6818240399737453
Tb927_06_v5.1 2919 3390 1.168081301458624
Tb927_06_v5.1 8359 9117 1.0
Tb927_06_v5.1 13777 15114 0.1529335643195409
Tb927_06_v5.1 17421 18127 0.44430209378403845
Tb927_06_v5.1 18836 19642 0.6998874903675022
Tb927_06_v5.1 20065 21386 0.9266950704488598
Tb927_06_v5.1 49006 49655 1.4956029805825124
Tb927_06_v5.1 49672 50156 0.9467579787230206
Tb927_06_v5.1 55777 56922 0.5525410230287788
Tb927_06_v5.1 56948 57388 0.2789759497028154
Tb927_06_v5.1 89062 89739 1.2072326141654424
Tb927_06_v5.1 90801 91264 0.5581912719255158
Tb927_06_v5.1 113184 115463 1.874469117916141
Tb927_06_v5.1 119569 119975 0.1471042940322108
Tb927_06_v5.1 149752 150064 1.0641303374197155
Tb927_06_v5.1 171753 172417 0.7004397181410922
Tb927_06_v5.1 194015 195533 1.1039509640389082
Tb927_06_v5.1 197316 198568 2.1034295896554056
Tb927_06_v5.1 198959 200185 0.008613130304707972
Tb927_06_v5.1 203480 204470 1.1622714288988771
Tb927_06_v5.1 209854 210774 1.3119440063147403
Tb927_06_v5.1 217273 218191 1.4698033027097357
Tb927_06_v5.1 224680 225739 1.2368677438523275
Tb927_06_v5.1 231502 232259 1.874469117916141
Tb927_06_v5.1 324212 324921 0.8479969065549501
Tb927_06_v5.1 328933 329668 0.673771767679012
Tb927_06_v5.1 333661 334397 0.9593580155026541
Tb927_06_v5.1 479955 480275 0.5343364276511882
Tb927_06_v5.1 692094 694264 0.23521646169403143
Tb927_06_v5.1 696255 697715 1.0250909809628301
Tb927_06_v5.1 726120 727182 0.22239242133644802
Tb927_06_v5.1 739092 739697 3.222392421336448
Tb927_06_v5.1 749687 750497 2.8335388538612594
Tb927_06_v5.1 759037 759933 0.8064386342904492
Tb927_06_v5.1 769443 770515 1.3536369546147007
Tb927_06_v5.1 779812 780310 1.9385994553358568
Tb927_06_v5.1 788192 789421 1.1080597458574533
Tb927_06_v5.1 791543 792477 1.5305147166987798
Tb927_06_v5.1 825005 826755 1.4656635723488118
Tb927_06_v5.1 834880 835190 1.4150374992788437
Tb927_06_v5.1 843032 844431 0.5292085191981549
Tb927_06_v5.1 848234 848638 0.6374299206152918
Tb927_06_v5.1 861411 863422 1.4681488357384063
Tb927_06_v5.1 875928 877373 1.7945763173363014
Tb927_06_v5.1 898526 900137 1.0480942882010449
Tb927_06_v5.1 907637 909033 1.4591531329611331
Tb927_06_v5.1 927137 928391 1.580240090478753
Tb927_06_v5.1 971112 972601 0.8662486111111727
Tb927_06_v5.1 974457 975361 3.0588936890535687
Tb927_06_v5.1 985653 986484 0.7004397181410922
Tb927_06_v5.1 989254 990013 0.16046467219324612
Tb927_06_v5.1 991096 991750 1.4150374992788437
Tb927_06_v5.1 1283906 1285008 0.28177096841537974
Tb927_06_v5.1 1309817 1310275 2.3999306068886352
Tb927_06_v5.1 1321211 1322675 0.6520766965796931
Tb927_06_v5.1 1327363 1328374 0.15200309344505006
Tb927_06_v5.1 1342003 1343462 1.0815298854965985
Tb927_06_v5.1 1363609 1364113 1.3536369546147007
Tb927_06_v5.1 1379856 1381167 0.058893689053568614
Tb927_06_v5.1 1414088 1415923 1.5090136474878577
Tb927_06_v5.1 1420141 1421808 1.0806878455655609
Tb927_06_v5.1 1423272 1424404 2.0588936890535687
Tb927_06_v5.1 1425046 1425549 0.521236903110769
Tb927_06_v5.1 1429252 1430835 0.7487748964558396
Tb927_06_v5.1 1432632 1433002 0.21931302840447595
Tb927_07_v5.1 8639 10372 1.3569345447152756
Tb927_07_v5.1 38119 39977 0.06273575534796275
Tb927_07_v5.1 40598 41839 0.5025003405291834
Tb927_07_v5.1 47375 47999 0.8300749985576875
Tb927_07_v5.1 249521 249852 0.7197220218643097
Tb927_07_v5.1 285604 287699 0.782769283779331
Tb927_07_v5.1 301088 302044 0.5679894221174429
Tb927_07_v5.1 349898 350509 0.41503749927884376
Tb927_07_v5.1 358040 359432 1.9385994553358568
Tb927_07_v5.1 377002 378003 0.5025003405291834
Tb927_07_v5.1 379783 380642 1.0588936890535685
Tb927_07_v5.1 380947 382914 1.415037499278844
Tb927_07_v5.1 387921 388689 0.41503749927884376
Tb927_07_v5.1 410920 412711 0.506185387337039
Tb927_07_v5.1 715330 715754 4.256339753259786
Tb927_07_v5.1 747003 748007 2.5305147166987796
Tb927_07_v5.1 760328 761341 0.8365012677171206
Tb927_07_v5.1 793498 794528 2.2016338611696504
Tb927_07_v5.1 827856 828561 1.4325249260076849
Tb927_07_v5.1 1025161 1025608 2.5025003405291835
Tb927_07_v5.1 1066428 1067353 1.969626350956481
Tb927_07_v5.1 1072672 1073077 1.0
Tb927_07_v5.1 1077149 1077646 0.09310940439148145
Tb927_07_v5.1 1086033 1086491 0.20723261416544225
Tb927_07_v5.1 1335124 1336640 0.25298074116987085
Tb927_07_v5.1 1353327 1354517 0.415037499278844
Tb927_07_v5.1 1371175 1372521 2.4405725913859815
Tb927_07_v5.1 1387885 1390450 1.0473057147783564
Tb927_07_v5.1 1402571 1404131 0.7686744538935444
Tb927_07_v5.1 1404639 1405835 0.7004397181410922
Tb927_07_v5.1 1458324 1459196 1.4150374992788437
Tb927_07_v5.1 1473873 1474745 0.45943161863729726
Tb927_07_v5.1 1479997 1480523 1.584962500721156
Tb927_07_v5.1 1492489 1493624 2.1461196799395887
Tb927_07_v5.1 1495744 1497772 1.0706652041788605
Tb927_07_v5.1 1508729 1511054 1.4689043712575796
Tb927_07_v5.1 1514100 1514896 0.18762700317577127
Tb927_07_v5.1 1543625 1544123 0.289506617194985
Tb927_07_v5.1 1547734 1548140 0.29639300278022485
Tb927_07_v5.1 1573651 1574259 0.7182290315846205
Tb927_07_v5.1 1577156 1578739 0.32324502335935335
Tb927_07_v5.1 1578802 1579847 0.32930762525295987
Tb927_07_v5.1 1597526 1598969 2.493040011280117
Tb927_07_v5.1 1600727 1601786 2.3536369546147005
Tb927_07_v5.1 1607798 1608859 0.2801079191927352
Tb927_07_v5.1 1614121 1615209 0.5260688116675876
Tb927_07_v5.1 1617200 1617538 1.222392421336448
Tb927_07_v5.1 1750738 1752631 1.2355437889877532
Tb927_07_v5.1 1758179 1759081 0.1779983019779947
Tb927_07_v5.1 1759535 1761553 1.4835172371616103
Tb927_07_v5.1 1783482 1785619 0.25499708676837557
Tb927_07_v5.1 1933557 1934699 1.29176612437711
Tb927_07_v5.1 2171197 2174597 2.8744691179161412
Tb927_08_v5.1 2429 3445 0.5849625007211562
Tb927_08_v5.1 12882 13225 0.6520766965796931
Tb927_08_v5.1 14179 14759 1.3977595078470082
Tb927_08_v5.1 15062 15371 1.021695071099319
Tb927_08_v5.1 22913 23233 0.32192809488736235
Tb927_08_v5.1 55427 55792 0.6780719051126377
Tb927_08_v5.1 57541 57883 0.8095693431230462
Tb927_08_v5.1 58910 59282 0.47836343464767317
Tb927_08_v5.1 72780 73316 0.9296106721086022
Tb927_08_v5.1 81685 82552 1.3959286763311394
Tb927_08_v5.1 122146 122568 0.1213062962221336
Tb927_08_v5.1 129679 131354 0.4495258756641346
Tb927_08_v5.1 449173 450959 0.8650704199138914
Tb927_08_v5.1 470769 472374 0.32930762525295987
Tb927_08_v5.1 491716 493447 1.6141932120449105
Tb927_08_v5.1 503001 503690 1.5305147166987798
Tb927_08_v5.1 538368 540235 0.8358300906680814
Tb927_08_v5.1 540593 542428 0.41102443677222056
Tb927_08_v5.1 542784 543806 0.7456828112673153
Tb927_08_v5.1 544947 546946 1.5032254951264505
Tb927_08_v5.1 549517 550244 0.19033121210414933
Tb927_08_v5.1 550400 551186 1.0339473319233379
Tb927_08_v5.1 635376 636221 0.4799929411196136
Tb927_08_v5.1 673153 674037 0.5599111286657887
Tb927_08_v5.1 678444 679231 0.7262391875731478
Tb927_08_v5.1 688095 689220 1.8907709302452416
Tb927_08_v5.1 709737 712214 0.03242147769237742
Tb927_08_v5.1 725894 727065 0.8854180324014627
Tb927_08_v5.1 738733 740353 1.0339473319233374
Tb927_08_v5.1 757534 758420 0.9730329523997306
Tb927_08_v5.1 779036 779893 1.078002512001273
Tb927_08_v5.1 793372 794598 1.6818240399737452
Tb927_08_v5.1 798943 800900 1.57550217147209
Tb927_08_v5.1 808521 809545 1.857980995127572
Tb927_08_v5.1 816505 817312 2.6114347120823473
Tb927_08_v5.1 825285 826902 1.0570840479645058
Tb927_08_v5.1 846230 846918 1.2630344058337937
Tb927_08_v5.1 892544 893513 2.297680548640685
Tb927_08_v5.1 895403 895804 3.0
Tb927_08_v5.1 896967 897806 1.070389327891398
Tb927_08_v5.1 902175 903122 0.3117682286671406
Tb927_08_v5.1 944300 945335 1.9924663273145924
Tb927_08_v5.1 991306 992397 0.4501657226824456
Tb927_08_v5.1 994102 994938 0.41503749927884376
Tb927_08_v5.1 1006841 1007667 0.10359846148199565
Tb927_08_v5.1 1036601 1036933 1.6300503902496943
Tb927_08_v5.1 1044023 1045005 2.7188182474559466
Tb927_08_v5.1 1046279 1047238 0.343144580797058
Tb927_08_v5.1 1049074 1050807 0.8135868757691187
Tb927_08_v5.1 1448153 1449866 0.4874459948068937
Tb927_08_v5.1 1455183 1455576 0.6728352567464905
Tb927_08_v5.1 1455640 1456014 0.6175303631775868
Tb927_08_v5.1 1461257 1463555 0.5641289973039906
Tb927_08_v5.1 1497847 1498187 1.5025003405291832
Tb927_08_v5.1 1540038 1541067 1.7529071380352277
Tb927_08_v5.1 1568180 1569609 0.5305147166987798
Tb927_08_v5.1 1637810 1638236 1.6629650127224291
Tb927_08_v5.1 1690541 1691611 0.9510903995190534
Tb927_08_v5.1 1701214 1702414 0.4315692231687319
Tb927_08_v5.1 1704372 1704782 0.0687127500840143
Tb927_08_v5.1 1705897 1706993 3.2394659346953896
Tb927_08_v5.1 1727346 1728967 2.662965012722429
Tb927_08_v5.1 1730240 1730853 1.5305147166987798
Tb927_08_v5.1 1776465 1777745 1.144521512075598
Tb927_08_v5.1 1831393 1833324 1.5413012719250165
Tb927_08_v5.1 1844119 1846689 0.49340856283171614
Tb927_08_v5.1 1849887 1851059 0.6374299206152918
Tb927_08_v5.1 1882449 1882866 1.0
Tb927_08_v5.1 1882929 1883277 2.1154772174199357
Tb927_08_v5.1 1887041 1887964 1.6244908649077936
Tb927_08_v5.1 1890803 1892089 0.48542682717024166
Tb927_08_v5.1 1894337 1894640 0.20419930457047855
Tb927_08_v5.1 1999644 2001020 2.2829339632714984
Tb927_08_v5.1 2036160 2037424 0.3853224046087855
Tb927_08_v5.1 2051113 2051515 0.3325753390868709
Tb927_08_v5.1 2063358 2064100 0.11547721741993588
Tb927_08_v5.1 2065774 2067315 0.27301849440641585
Tb927_08_v5.1 2091666 2093185 0.056425433462818884
Tb927_08_v5.1 2153890 2154520 0.01892086189722838
Tb927_08_v5.1 2163351 2164432 2.180572245641821
Tb927_08_v5.1 2168994 2169918 2.881011963782913
Tb927_08_v5.1 2176883 2177212 3.7725895038969273
Tb927_08_v5.1 2214625 2215542 1.552313306977341
Tb927_08_v5.1 2218664 2219335 1.9385994553358565
Tb927_08_v5.1 2227065 2228623 2.15200309344505
Tb927_08_v5.1 2229142 2230128 1.8135868757691187
Tb927_08_v5.1 2231772 2232130 0.22239242133644802
Tb927_08_v5.1 2234461 2234826 0.28688114778816154
Tb927_08_v5.1 2238026 2238474 1.078002512001273
Tb927_08_v5.1 2245695 2246444 1.0395283641866375
Tb927_08_v5.1 2255915 2256618 1.2630344058337937
Tb927_08_v5.1 2263759 2265359 1.925999418556223
Tb927_08_v5.1 2274713 2275032 2.1154772174199357
Tb927_08_v5.1 2278718 2280121 1.7369655941662063
Tb927_08_v5.1 2302305 2303905 0.6244908649077937
Tb927_08_v5.1 2307255 2308127 1.0
Tb927_08_v5.1 2311302 2313480 0.4634005208402427
Tb927_08_v5.1 2313772 2314875 0.874469117916141
Tb927_08_v5.1 2322916 2323648 1.7725895038969275
Tb927_08_v5.1 2327087 2328663 1.4321110126377852
Tb927_08_v5.1 2332689 2333662 1.6374299206152918
Tb927_08_v5.1 2334862 2337010 0.4102204829810681
Tb927_08_v5.1 2393404 2393777 0.37851162325372983
Tb927_08_v5.1 2399179 2401005 0.37247703705079793
Tb927_08_v5.1 2413494 2414469 1.1582620839167324
Tb927_08_v5.1 2415288 2415759 0.15200309344505006
Tb927_08_v5.1 2425778 2426106 0.7072182507721542
Tb927_08_v5.1 2428232 2429163 0.44323439110949586
Tb927_08_v5.1 2434067 2435422 1.7725895038969275
Tb927_08_v5.1 2455850 2456647 0.48542682717024166
Tb927_08_v5.1 2458416 2460903 0.8300749985576875
Tb927_08_v5.1 2477921 2479982 1.3939758837510143
Tb927_09_v5.1 21034 22029 2.029747343394052
Tb927_09_v5.1 26291 26619 0.45456586346548133
Tb927_09_v5.1 35384 35756 0.27301849440641585
Tb927_09_v5.1 39599 40605 1.3870231231092474
Tb927_09_v5.1 40704 41853 1.85042364394949
Tb927_09_v5.1 44919 45346 1.511899038531433
Tb927_09_v5.1 50862 52449 1.0896372124846765
Tb927_09_v5.1 53811 55182 0.838248930003388
Tb927_09_v5.1 64156 64893 0.037967850199020416
Tb927_09_v5.1 81561 82693 0.9455522159776235
Tb927_09_v5.1 82724 83171 0.6374299206152918
Tb927_09_v5.1 109521 109848 0.5305147166987798
Tb927_09_v5.1 128458 130258 2.312277924853643
Tb927_09_v5.1 156849 157728 0.070389327891398
Tb927_09_v5.1 158782 159524 0.5943611987234058
Tb927_09_v5.1 185626 186637 0.6802761760393677
Tb927_09_v5.1 187415 187893 1.1077138173002534
Tb927_09_v5.1 195259 196716 2.2428565238961635
Tb927_09_v5.1 215427 216499 0.46234321405720047
Tb927_09_v5.1 217315 217677 0.06711419585853703
Tb927_09_v5.1 219710 220977 2.0588936890535687
Tb927_09_v5.1 239209 239564 1.3265008246771863
Tb927_09_v5.1 242020 242345 0.7670228280223862
Tb927_09_v5.1 242596 243997 0.10737009751665112
Tb927_09_v5.1 245045 246076 1.1312445332782528
Tb927_09_v5.1 248066 249935 0.37756279386018105
Tb927_09_v5.1 252903 254665 0.5324950808270206
Tb927_09_v5.1 293111 295138 1.2895066171949847
Tb927_09_v5.1 302777 303356 1.7872706760142718
Tb927_09_v5.1 303375 304258 1.4620009782494305
Tb927_09_v5.1 319010 319721 2.2842084289382036
Tb927_09_v5.1 700346 701218 1.115477217419936
Tb927_09_v5.1 743544 744045 0.4892920539722668
Tb927_09_v5.1 744236 745872 1.132028393683784
Tb927_09_v5.1 767853 768251 0.05004068249959563
Tb927_09_v5.1 816915 817883 1.2410080995037949
Tb927_09_v5.1 851380 853370 0.10167141789490546
Tb927_09_v5.1 861909 862313 1.4150374992788437
Tb927_09_v5.1 900155 901677 2.8744691179161412
Tb927_09_v5.1 915351 917418 1.4064243689741358
Tb927_09_v5.1 925134 925908 1.7369655941662063
Tb927_09_v5.1 926855 927473 2.273018494406416
Tb927_09_v5.1 934980 936091 0.8889686876112564
Tb927_09_v5.1 1004561 1005769 0.6764400288319593
Tb927_09_v5.1 1016553 1018039 1.183599938339389
Tb927_09_v5.1 1030380 1031562 0.9789383844721704
Tb927_09_v5.1 1037227 1037838 0.38187063534364446
Tb927_09_v5.1 1051492 1054373 1.0395283641866373
Tb927_09_v5.1 1068712 1069294 0.15200309344505006
Tb927_09_v5.1 1072601 1074310 1.9740047914670553
Tb927_09_v5.1 1087176 1089929 0.2672222027972272
Tb927_09_v5.1 1100880 1102120 0.13750352374993502
Tb927_09_v5.1 1106324 1107277 2.3966254621649634
Tb927_09_v5.1 1108680 1109694 0.11547721741993588
Tb927_09_v5.1 1116833 1118182 1.797507136101257
Tb927_09_v5.1 1124449 1124790 1.1312445332782528
Tb927_09_v5.1 1129186 1130504 1.0191088229477043
Tb927_09_v5.1 1136241 1137629 2.321928094887362
Tb927_09_v5.1 1146246 1147482 2.2730184944064162
Tb927_09_v5.1 1773323 1774194 0.7255306991039228
Tb927_09_v5.1 1776254 1777116 1.7700124951005833
Tb927_09_v5.1 1786551 1787542 0.26211285036273374
Tb927_09_v5.1 1796208 1797349 1.222392421336448
Tb927_09_v5.1 1799095 1801215 1.4506614090095653
Tb927_09_v5.1 1842789 1843651 2.4594316186372973
Tb927_09_v5.1 1853939 1854421 0.6629650127224292
Tb927_09_v5.1 1866792 1867259 1.1089343715531639
Tb927_09_v5.1 1872141 1873209 1.874469117916141
Tb927_09_v5.1 1892477 1893624 1.4150374992788437
Tb927_09_v5.1 1899150 1900025 1.8073549220576042
Tb927_09_v5.1 1907992 1908312 1.797507136101257
Tb927_09_v5.1 1933005 1933626 1.384663850235325
Tb927_09_v5.1 1936203 1938435 0.2587342684001683
Tb927_09_v5.1 1958875 1960028 1.874469117916141
Tb927_09_v5.1 2011899 2012672 1.4150374992788437
Tb927_09_v5.1 2030496 2030849 0.49845350746648137
Tb927_09_v5.1 2049538 2051068 1.864344900642434
Tb927_09_v5.1 2057748 2059112 0.5145731728297582
Tb927_09_v5.1 2060413 2062484 1.0630521705353013
Tb927_09_v5.1 2272932 2274235 0.2739936178236603
Tb927_09_v5.1 2279680 2283126 0.8177966687792508
Tb927_09_v5.1 2314019 2314505 0.1244473709244885
Tb927_09_v5.1 2354939 2355861 1.5368064625665039
Tb927_09_v5.1 2402030 2403317 0.22239242133644802
Tb927_09_v5.1 2427571 2428853 1.24716032648539
Tb927_09_v5.1 2430624 2430951 0.8863432182044327
Tb927_09_v5.1 2432817 2433309 1.1154772174199359
Tb927_09_v5.1 2436255 2436636 0.3512224016814004
Tb927_09_v5.1 2437003 2437984 0.9284467389749661
Tb927_09_v5.1 2440262 2440655 0.28950661719498477
Tb927_09_v5.1 2443366 2444369 0.9448584458075391
Tb927_09_v5.1 2452777 2453965 1.5025003405291832
Tb927_09_v5.1 2455683 2456261 0.4456258191122666
Tb927_09_v5.1 2522958 2524464 0.4576818366873377
Tb927_09_v5.1 2550969 2552536 0.39023410827827115
Tb927_09_v5.1 2553314 2553979 0.20353339408513188
Tb927_09_v5.1 2592574 2593554 0.9570662039946645
Tb927_09_v5.1 2594449 2595903 0.4835172371616104
Tb927_09_v5.1 2600098 2601456 0.11547721741993588
Tb927_09_v5.1 2603325 2603813 1.15200309344505
Tb927_09_v5.1 2603834 2605023 0.2016338611696504
Tb927_09_v5.1 2608300 2609328 0.6780719051126377
Tb927_09_v5.1 2609441 2611172 0.12553088208385882
Tb927_09_v5.1 2614212 2615099 0.18057224564182084
Tb927_09_v5.1 2625353 2625672 0.0721497857558354
Tb927_09_v5.1 2637272 2639419 0.5707733116002238
Tb927_09_v5.1 2715589 2715920 0.1429579538420431
Tb927_09_v5.1 2726752 2727094 0.03170885972733836
Tb927_09_v5.1 2729131 2729569 0.23815973719476458
Tb927_09_v5.1 2744414 2745195 0.14007288336206827
Tb927_09_v5.1 2745299 2746001 0.8598223419517396
Tb927_09_v5.1 2799796 2800487 0.02696704760026936
Tb927_09_v5.1 2862282 2863395 2.253419316957072
Tb927_09_v5.1 2873677 2874780 1.8556100906648252
Tb927_09_v5.1 3019832 3020512 0.7369655941662062
Tb927_09_v5.1 3031313 3031645 1.0898466173824806
Tb927_09_v5.1 3031711 3032668 0.5765009219729601
Tb927_09_v5.1 3033249 3034323 2.1154772174199357
Tb927_10_v5.1 57766 58214 3.0443941193584534
Tb927_10_v5.1 58471 59424 1.9757524537533229
Tb927_10_v5.1 62962 63703 0.5305147166987798
Tb927_10_v5.1 66295 66762 0.41503749927884376
Tb927_10_v5.1 72837 73954 0.04306872189188593
Tb927_10_v5.1 103594 104766 0.3644114262088758
Tb927_10_v5.1 108008 109144 0.41503749927884376
Tb927_10_v5.1 113441 113746 1.222392421336448
Tb927_10_v5.1 124899 126796 1.2549970867683755
Tb927_10_v5.1 133451 135445 1.0136749368970766
Tb927_10_v5.1 147969 148928 2.3390886460455453
Tb927_10_v5.1 153474 155590 1.3897707406684137
Tb927_10_v5.1 228692 230291 0.7923423512025797
Tb927_10_v5.1 461547 462435 0.39366384848627684
Tb927_10_v5.1 464717 466248 0.41503749927884376
Tb927_10_v5.1 476789 477274 1.8073549220576042
Tb927_10_v5.1 477305 477719 1.9175378398080272
Tb927_10_v5.1 530976 531763 2.232660756790275
Tb927_10_v5.1 553894 555100 1.2143191208007658
Tb927_10_v5.1 569449 570502 0.9757524537533229
Tb927_10_v5.1 603563 605064 0.3959286763311393
Tb927_10_v5.1 612922 614004 2.08037341646402
Tb927_10_v5.1 637129 638362 1.222392421336448
Tb927_10_v5.1 653893 655234 1.7026140893754291
Tb927_10_v5.1 659587 661409 1.341036917835067
Tb927_10_v5.1 663612 664243 1.4681488357384063
Tb927_10_v5.1 672301 673039 0.5025003405291834
Tb927_10_v5.1 678947 681014 0.4538567481693719
Tb927_10_v5.1 715638 717959 0.3987356869497432
Tb927_10_v5.1 728356 729268 0.12029423371771175
Tb927_10_v5.1 785359 786406 1.5651992458997261
Tb927_10_v5.1 800319 800788 0.28950661719498477
Tb927_10_v5.1 816086 817713 0.8413022539809418
Tb927_10_v5.1 826656 828577 0.6743433206904715
Tb927_10_v5.1 857239 859150 2.273018494406416
Tb927_10_v5.1 859170 860175 2.571334537256861
Tb927_10_v5.1 862464 863667 1.736965594166206
Tb927_10_v5.1 870682 872338 1.0732489820306386
Tb927_10_v5.1 895591 896835 0.6135090403202058
Tb927_10_v5.1 1110327 1111189 1.3356030317844392
Tb927_10_v5.1 1119641 1120673 1.1510279700278057
Tb927_10_v5.1 1128114 1128468 0.8210298589546808
Tb927_10_v5.1 1130087 1132388 0.8413022539809418
Tb927_10_v5.1 1234732 1235464 1.8073549220576042
Tb927_10_v5.1 1244375 1245447 0.38378656529440414
Tb927_10_v5.1 1293315 1294838 1.0
Tb927_10_v5.1 1318445 1319584 2.2829339632714984
Tb927_10_v5.1 1357958 1359828 0.5305147166987798
Tb927_10_v5.1 1392751 1393668 0.9175378398080272
Tb927_10_v5.1 1410166 1411145 0.13124453327825272
Tb927_10_v5.1 1416677 1418649 0.6516115361562247
Tb927_10_v5.1 1630498 1631498 1.838248930003388
Tb927_10_v5.1 1633818 1635179 0.6357668713926474
Tb927_10_v5.1 1640222 1641452 3.584962500721156
Tb927_10_v5.1 1646790 1647802 0.5496870259736255
Tb927_10_v5.1 1655606 1656800 1.8113904352927608
Tb927_10_v5.1 1675402 1676505 0.6520766965796931
Tb927_10_v5.1 1688012 1689023 1.146582817660797
Tb927_10_v5.1 1692267 1693185 0.8845227825800641
Tb927_10_v5.1 1695438 1696282 2.8268510976834014
Tb927_10_v5.1 1701688 1702936 2.841302253980942
Tb927_10_v5.1 1705384 1705700 0.7560744171139108
Tb927_10_v5.1 1739426 1739745 0.5972408304995931
Tb927_10_v5.1 1753653 1754004 0.480328959530563
Tb927_10_v5.1 1776006 1776560 2.1154772174199357
Tb927_10_v5.1 1796054 1798854 0.4338965265301599
Tb927_10_v5.1 2079717 2082558 0.9802367451785702
Tb927_10_v5.1 2096926 2097490 0.1740293997750489
Tb927_10_v5.1 2101636 2102247 0.5443205162238102
Tb927_10_v5.1 2106744 2107488 0.13588342808177303
Tb927_10_v5.1 2109711 2110076 1.1030934929641034
Tb927_10_v5.1 2111769 2112621 0.6596598679987574
Tb927_10_v5.1 2114333 2115194 0.7484612330040356
Tb927_10_v5.1 2158156 2159305 0.9240511467667015
Tb927_10_v5.1 2161958 2163499 1.9541963103868751
Tb927_10_v5.1 2169905 2172264 1.0051068904330887
Tb927_10_v5.1 2224615 2225990 0.7670228280223862
Tb927_10_v5.1 2253369 2254860 0.9490160712811951
Tb927_10_v5.1 2255179 2257131 0.5286942810744111
Tb927_10_v5.1 2259144 2260309 0.7906761809109737
Tb927_10_v5.1 2261145 2262389 0.32192809488736235
Tb927_10_v5.1 2290017 2290907 0.874469117916141
Tb927_10_v5.1 2295714 2296602 1.1805722456418208
Tb927_10_v5.1 2306425 2307926 0.9175378398080272
Tb927_10_v5.1 2307933 2308481 0.41503749927884376
Tb927_10_v5.1 2308488 2309493 0.7369655941662062
Tb927_10_v5.1 2372274 2374014 0.8619901786344498
Tb927_10_v5.1 2391066 2392306 0.41503749927884376
Tb927_10_v5.1 2436906 2437511 0.448460500816294
Tb927_10_v5.1 2477963 2478973 1.874469117916141
Tb927_10_v5.1 2491556 2492024 0.13124453327825272
Tb927_10_v5.1 2506433 2508369 1.0022454402056442
Tb927_10_v5.1 2755166 2756870 1.0506260730699681
Tb927_10_v5.1 2757903 2759548 0.28950661719498477
Tb927_10_v5.1 2765840 2766697 1.0473057147783569
Tb927_10_v5.1 2783032 2784808 0.946981617700509
Tb927_10_v5.1 2803395 2804241 0.3692338096657191
Tb927_10_v5.1 2810661 2811788 0.5849625007211562
Tb927_10_v5.1 2825224 2826637 1.5025003405291832
Tb927_10_v5.1 2833041 2834430 0.016488122788568777
Tb927_10_v5.1 2865192 2866936 1.95366128533313
Tb927_10_v5.1 2867639 2868046 1.2730184944064158
Tb927_10_v5.1 2894058 2896243 1.183367264354385
Tb927_10_v5.1 2901603 2903276 0.506185387337039
Tb927_10_v5.1 2911493 2912205 0.6798651869356884
Tb927_10_v5.1 2912569 2914122 0.4860293308502822
Tb927_10_v5.1 2920665 2921068 0.09310940439148145
Tb927_10_v5.1 2921917 2922697 0.7461841241955849
Tb927_10_v5.1 2933752 2936423 1.0285691521967708
Tb927_10_v5.1 2941433 2941847 0.9593580155026541
Tb927_10_v5.1 2960999 2962586 1.5779760704050496
Tb927_10_v5.1 2981923 2983478 1.5570565041512716
Tb927_10_v5.1 3172203 3173502 0.28950661719498477
Tb927_10_v5.1 3620785 3622513 1.8507344691237804
Tb927_10_v5.1 3622520 3623165 1.9958483567295326
Tb927_10_v5.1 3640011 3642232 0.1998145733612382
Tb927_10_v5.1 3649418 3650445 0.5006935838235523
Tb927_10_v5.1 3712466 3713524 0.874469117916141
Tb927_10_v5.1 3731037 3731459 1.222392421336448
Tb927_10_v5.1 3770736 3771659 0.100693999619473
Tb927_10_v5.1 3776607 3777309 0.02856915219677092
Tb927_10_v5.1 3782968 3785274 0.5736294099135691
Tb927_10_v5.1 3785384 3785914 3.415037499278844
Tb927_10_v5.1 3788750 3789793 0.49426419042941877
Tb927_10_v5.1 3821487 3823073 1.5118990385314328
Tb927_10_v5.1 3885535 3886423 0.27753397552890896
Tb927_10_v5.1 3906022 3907553 0.4506614090095652
Tb927_10_v5.1 3911791 3912975 0.32192809488736235
Tb927_10_v5.1 3918557 3919156 0.3923174227787603
Tb927_10_v5.1 3942023 3944092 1.3173408253917105
Tb927_10_v5.1 3961013 3962290 1.8073549220576042
Tb927_10_v5.1 3968503 3969935 1.0906025487809068
Tb927_10_v5.1 3976318 3978119 0.39078995303216657
Tb927_10_v5.1 3980968 3982822 3.8744691179161412
Tb927_10_v5.1 3983972 3984623 0.5173992169085216
Tb927_10_v5.1 4025533 4027226 0.24100809950379498
Tb927_10_v5.1 4031478 4031905 0.7369655941662062
Tb927_10_v5.1 4039357 4040147 0.39775950784700825
Tb927_10_v5.1 4068621 4069850 0.5849625007211562
Tb927_10_v5.1 4077850 4079474 0.3536369546147006
Tb927_10_v5.1 4079493 4080195 1.5305147166987798
Tb927_10_v5.1 4080269 4080852 0.5305147166987798
Tb927_10_v5.1 4090979 4092393 0.8073549220576041
Tb927_10_v5.1 4095858 4096435 2.1154772174199357
Tb927_10_v5.1 4110366 4112028 0.9385994553358568
Tb927_10_v5.1 4112318 4113678 0.4656635723488118
Tb927_10_v5.1 4119586 4120335 0.2596734374159073
Tb927_10_v5.1 4121632 4122167 0.4903256265830811
Tb927_10_v5.1 4140647 4141019 0.15200309344505006
Tb927_11_v5.1 177981 178508 0.31734082539171055
Tb927_11_v5.1 178739 179550 1.2192181735413044
Tb927_11_v5.1 218759 219721 0.8171359428501896
Tb927_11_v5.1 333861 336742 2.6880559936852597
Tb927_11_v5.1 344511 345704 0.242200902416628
Tb927_11_v5.1 415091 416956 1.5379650211839866
Tb927_11_v5.1 428640 430732 0.819427754358179
Tb927_11_v5.1 438324 438661 0.3536369546147004
Tb927_11_v5.1 443895 444808 1.1228567477855333
Tb927_11_v5.1 445800 446760 0.08488889758651294
Tb927_11_v5.1 448198 448602 1.0486738467356893
Tb927_11_v5.1 458784 459472 0.11547721741993588
Tb927_11_v5.1 467082 467508 2.1154772174199357
Tb927_11_v5.1 565250 566175 0.7544530208950473
Tb927_11_v5.1 585519 587222 0.16099187667230466
Tb927_11_v5.1 598818 600585 1.2082882669264972
Tb927_11_v5.1 616252 617911 1.7336065820762916
Tb927_11_v5.1 668230 669956 0.22444510611368942
Tb927_11_v5.1 673483 674526 0.9422845021437125
Tb927_11_v5.1 680980 682489 2.765534746362977
Tb927_11_v5.1 686185 687220 0.20645087746742624
Tb927_11_v5.1 959941 961755 1.179323699444562
Tb927_11_v5.1 976857 978322 0.5347767435529394
Tb927_11_v5.1 983681 984486 0.22239242133644802
Tb927_11_v5.1 1006273 1006928 0.11547721741993588
Tb927_11_v5.1 1011019 1012869 1.861293729168408
Tb927_11_v5.1 1018452 1019212 0.874469117916141
Tb927_11_v5.1 1022891 1024688 1.0443941193584534
Tb927_11_v5.1 1027963 1029400 1.563429339171515
Tb927_11_v5.1 1044168 1045005 0.53260709566002
Tb927_11_v5.1 1045357 1046965 0.7045441164738286
Tb927_11_v5.1 1047264 1049148 0.2914628141603112
Tb927_11_v5.1 1065426 1066745 1.0564871913464733
Tb927_11_v5.1 1068498 1069720 1.0023554209981298
Tb927_11_v5.1 1071414 1072882 1.1018796140192137
Tb927_11_v5.1 1073348 1074454 1.5405683813627027
Tb927_11_v5.1 1104757 1105647 0.4656635723488118
Tb927_11_v5.1 1119861 1121469 1.2443071977648885
Tb927_11_v5.1 1141731 1142830 0.01568162223226969
Tb927_11_v5.1 1194189 1195561 0.3802720811181673
Tb927_11_v5.1 1201562 1203219 0.8863432182044327
Tb927_11_v5.1 1301473 1302522 1.1699250014423124
Tb927_11_v5.1 1317536 1318564 0.9455522159776235
Tb927_11_v5.1 1321696 1323392 1.6253973651203946
Tb927_11_v5.1 1338217 1339357 1.6244908649077936
Tb927_11_v5.1 1350291 1352750 1.2747732422905598
Tb927_11_v5.1 1356008 1357716 0.11018291775042316
Tb927_11_v5.1 1367137 1368099 2.736965594166206
Tb927_11_v5.1 1374587 1375310 0.37851162325372983
Tb927_11_v5.1 1376305 1376663 0.5958157118052873
Tb927_11_v5.1 1377102 1377560 0.8281134822244016
Tb927_11_v5.1 1382114 1382842 1.4080847386370767
Tb927_11_v5.1 1430624 1432150 0.722466024471091
Tb927_11_v5.1 1460082 1461065 1.0680889898421695
Tb927_11_v5.1 1467219 1468748 0.70473473483189
Tb927_11_v5.1 1472461 1474142 2.2054691182999795
Tb927_11_v5.1 1499027 1499563 1.8278190246173196
Tb927_11_v5.1 1502652 1503898 1.3609976595659545
Tb927_11_v5.1 1562443 1563229 1.8300749985576876
Tb927_11_v5.1 1573106 1575030 1.2825134137740188
Tb927_11_v5.1 1577572 1579061 2.321928094887362
Tb927_11_v5.1 1582186 1583043 1.8106226358915152
Tb927_11_v5.1 1608035 1609068 2.0170735133589415
Tb927_11_v5.1 1638878 1640768 2.456514135255003
Tb927_11_v5.1 1666535 1667466 0.8276359531062704
Tb927_11_v5.1 1670971 1671870 0.4656635723488118
Tb927_11_v5.1 1682492 1683483 1.159198594849254
Tb927_11_v5.1 2025359 2026468 1.584962500721156
Tb927_11_v5.1 2029706 2031105 1.082462160191973
Tb927_11_v5.1 2046264 2046684 1.1699250014423124
Tb927_11_v5.1 2097389 2099710 0.21572869105543727
Tb927_11_v5.1 2107702 2108515 0.32192809488736235
Tb927_11_v5.1 2255968 2256923 2.9068905956085187
Tb927_11_v5.1 2318792 2319730 1.08698330159464
Tb927_11_v5.1 2326293 2327359 3.6818240399737454
Tb927_11_v5.1 2337966 2338799 2.072469638332445
Tb927_11_v5.1 2340061 2340374 0.2479275134435855
Tb927_11_v5.1 2353828 2354873 0.11547721741993588
Tb927_11_v5.1 2361974 2362419 2.722466024471091
Tb927_11_v5.1 2367282 2367710 0.08641475181747328
Tb927_11_v5.1 2368003 2370081 0.4694852833012202
Tb927_11_v5.1 2371918 2373118 1.2877889184078484
Tb927_11_v5.1 2374421 2374808 1.0
Tb927_11_v5.1 2388923 2389281 0.4959574946624111
Tb927_11_v5.1 2402157 2403375 2.321928094887362
Tb927_11_v5.1 2413866 2416295 0.28135906404687455
Tb927_11_v5.1 2416542 2417461 0.105933444749065
Tb927_11_v5.1 2419255 2421180 0.38702312310924725
Tb927_11_v5.1 2421569 2422293 2.230505067123768
Tb927_11_v5.1 2429650 2431224 0.8689939878499902
Tb927_11_v5.1 2435958 2436298 2.9385994553358565
Tb927_11_v5.1 2445767 2446314 0.7958592832197745
Tb927_11_v5.1 2446447 2447621 0.5514099410101295
Tb927_11_v5.1 2447878 2448930 0.35331851403490866
Tb927_11_v5.1 2452711 2453061 1.3948596173412136
Tb927_11_v5.1 2453897 2454201 2.115477217419936
Tb927_11_v5.1 2460445 2461863 0.6083454281591071
Tb927_11_v5.1 2470124 2471378 0.7911859851640926
Tb927_11_v5.1 2471690 2473673 0.953689265415962
Tb927_11_v5.1 2473917 2474961 1.0386804681640598
Tb927_11_v5.1 2475193 2475691 1.2580163310671693
Tb927_11_v5.1 2475866 2477756 1.5176072329193915
Tb927_11_v5.1 2498661 2500625 1.3278046612240315
Tb927_11_v5.1 2510316 2510847 0.5525410230287786
Tb927_11_v5.1 2532371 2533536 2.5090136474878575
Tb927_11_v5.1 2543687 2544858 3.5715419849588343
Tb927_11_v5.1 2551251 2553178 1.451874267459215
Tb927_11_v5.1 2565445 2565840 0.9593580155026541
Tb927_11_v5.1 2566188 2567245 0.6244908649077937
Tb927_11_v5.1 2569203 2570829 0.00998408857262207
Tb927_11_v5.1 2665195 2666090 2.162271428898877
Tb927_11_v5.1 2670432 2671659 0.34577483684173
Tb927_11_v5.1 2672560 2673113 0.7909044012770099
Tb927_11_v5.1 2673380 2673798 0.15200309344505006
Tb927_11_v5.1 2701378 2702334 1.1650592462704965
Tb927_11_v5.1 2715399 2716979 0.4808395576745901
Tb927_11_v5.1 2721492 2722883 2.084888897586513
Tb927_11_v5.1 2724646 2726240 1.8805564477950563
Tb927_11_v5.1 2748344 2750211 0.9427751313070498
Tb927_11_v5.1 2750660 2751818 3.029747343394052
Tb927_11_v5.1 2768890 2769814 1.1287333141222027
Tb927_11_v5.1 2781288 2782188 1.893084796083488
Tb927_11_v5.1 2783243 2784130 0.0943699505973984
Tb927_11_v5.1 2786325 2788503 0.9767709465883437
Tb927_11_v5.1 2826941 2827401 0.7078192485066896
Tb927_11_v5.1 2860199 2861085 1.2380103821513175
Tb927_11_v5.1 2868745 2869768 0.13124453327825272
Tb927_11_v5.1 2898229 2898771 0.6918777046376682
Tb927_11_v5.1 2900357 2901059 1.078002512001273
Tb927_11_v5.1 2904122 2904470 1.8300749985576876
Tb927_11_v5.1 2905990 2907583 0.4017406766653861
Tb927_11_v5.1 2937897 2939889 1.5219527031953557
Tb927_11_v5.1 2950205 2950979 0.8793185175775368
Tb927_11_v5.1 2954179 2955068 1.4220922568127943
Tb927_11_v5.1 2958662 2960531 1.15200309344505
Tb927_11_v5.1 3010869 3011974 0.09596905853072185
Tb927_11_v5.1 3053330 3055231 0.8693501472911275
Tb927_11_v5.1 3059177 3060214 0.6226329186872113
Tb927_11_v5.1 3116807 3118354 0.4813398696469987
Tb927_11_v5.1 3130490 3132016 1.024662054234269
Tb927_11_v5.1 3150933 3152839 0.6009040445901777
Tb927_11_v5.1 3171609 3172122 0.45456586346548133
Tb927_11_v5.1 3182532 3182882 0.7369655941662062
Tb927_11_v5.1 3209258 3209654 1.2801079191927351
Tb927_11_v5.1 3228969 3229472 0.47393118833241227
Tb927_11_v5.1 3239200 3240880 0.07800251200127316
Tb927_11_v5.1 3264522 3265397 1.381429106636024
Tb927_11_v5.1 3265409 3266752 0.7686744538935444
Tb927_11_v5.1 3279328 3281689 0.5044725828607884
Tb927_11_v5.1 3309653 3310633 0.7670228280223862
Tb927_11_v5.1 3317465 3317934 0.15200309344505006
Tb927_11_v5.1 3366994 3368354 1.4321110126377852
Tb927_11_v5.1 3382232 3384617 1.658963082164933
Tb927_11_v5.1 3394222 3395409 0.6728352567464905
Tb927_11_v5.1 3400533 3401081 3.7675539139996292
Tb927_11_v5.1 3654363 3655943 0.29507687523793097
Tb927_11_v5.1 3664019 3664351 0.2801079191927352
Tb927_11_v5.1 3669854 3671217 0.2958902339858392
Tb927_11_v5.1 3697353 3697670 0.2630344058337938
Tb927_11_v5.1 3718207 3719603 1.3470190758501928
Tb927_11_v5.1 3730360 3731426 0.6178543822785308
Tb927_11_v5.1 3748512 3750274 1.3955851366126713
Tb927_11_v5.1 3756484 3757580 0.7304424705848719
Tb927_11_v5.1 3782344 3782991 1.874469117916141
Tb927_11_v5.1 3787852 3790544 1.86953471365003
Tb927_11_v5.1 3792110 3793268 1.0198995574377048
Tb927_11_v5.1 3799054 3800531 1.6980856947085154
Tb927_11_v5.1 3804141 3805519 2.527737632028206
Tb927_11_v5.1 3825014 3826028 0.1740293997750489
Tb927_11_v5.1 3826631 3828140 0.3373581354569683
Tb927_11_v5.1 3828827 3829677 0.9556058806415464
Tb927_11_v5.1 3836080 3836977 2.662965012722429
Tb927_11_v5.1 3861116 3862162 2.222392421336448
Tb927_11_v5.1 3874836 3876493 0.6939770866159432
Tb927_11_v5.1 4281418 4282550 1.9882228322236464
Tb927_11_v5.1 4285300 4286784 0.9959188231881829
Tb927_11_v5.1 4549623 4550236 0.6374299206152918
Tb927_11_v5.1 4590029 4591115 0.10691520391651188
Tb927_11_v5.1 4592880 4593408 0.6629650127224292
Tb927_11_v5.1 4601480 4602480 0.41503749927884376
Tb927_11_v5.1 4692555 4692970 0.5305147166987798
Tb927_11_v5.1 4693038 4693459 0.2583119955913907
Tb927_11_v5.1 4710282 4711109 0.47732177753318666
Tb927_11_v5.1 4737615 4738254 0.8974302663594523
Tb927_11_v5.1 4739858 4740683 2.159198594849254
Tb927_11_v5.1 4751205 4752024 1.5963672639934057
Tb927_11_v5.1 4773575 4773927 0.28950661719498477
Tb927_11_v5.1 4849250 4850056 0.12553088208385882
Tb927_11_v5.1 4949590 4949899 0.3267290811511835
Tb927_11_v5.1 4952373 4953865 1.6530267756663102
Tb927_11_v5.1 5060111 5061317 1.874469117916141
Tb927_11_v5.1 5090628 5091903 1.16635838642212
Tb927_11_v5.1 5092644 5093056 0.34348423825380986
Tb927_11_v5.1 5093336 5093659 0.5849625007211562
Tb927_01_v5.1 54048 54746 1.1832218240557704
Tb927_01_v5.1 55781 56538 0.9455522159776235
Tb927_01_v5.1 63172 64249 0.7853286157276052
Tb927_01_v5.1 73685 74374 0.9422845021437125
Tb927_01_v5.1 76866 79969 0.7576127450089675
Tb927_01_v5.1 82246 82548 1.9625252945813372
Tb927_01_v5.1 97913 100041 1.578783925792032
Tb927_01_v5.1 100057 101203 1.2428565238961635
Tb927_01_v5.1 139513 140305 1.6970728670426933
Tb927_01_v5.1 144650 144961 0.42285700373814306
Tb927_01_v5.1 167737 169072 0.9181757770463185
Tb927_01_v5.1 212303 213619 1.415037499278844
Tb927_01_v5.1 216015 217313 3.327261539190403
Tb927_01_v5.1 218980 219871 3.0588936890535687
Tb927_01_v5.1 230689 231637 2.1154772174199357
Tb927_01_v5.1 239569 240204 2.4698033027097357
Tb927_01_v5.1 520650 521595 0.2515387669959644
Tb927_01_v5.1 523422 523937 1.341036917835067
Tb927_01_v5.1 526870 528401 0.41503749927884376
Tb927_01_v5.1 637027 637871 3.0
Tb927_01_v5.1 729056 730230 1.273018494406416
Tb927_01_v5.1 731032 733066 0.2161334308647658
Tb927_01_v5.1 745540 746190 1.0
Tb927_01_v5.1 758196 758595 0.3649968167792483
Tb927_01_v5.1 767619 769022 0.008127880883400398
Tb927_01_v5.1 796450 797088 0.5339785720023513
Tb927_01_v5.1 798106 798942 0.39665896996398914
Tb927_01_v5.1 799184 801021 0.3210613510698298
Tb927_01_v5.1 801989 803143 2.0660891904577725
Tb927_01_v5.1 804883 806787 2.5618788876081147
Tb927_01_v5.1 807150 807548 0.10691520391651188
Tb927_01_v5.1 1055412 1055805 1.1154772174199359
Tb927_01_v5.1 1063911 1064671 0.15200309344505006
Tb927_02_v5.1 3211 5749 0.9078501533697911
Tb927_02_v5.1 5855 6315 0.5305147166987798
Tb927_02_v5.1 23021 23498 0.7342409568296705
Tb927_02_v5.1 25081 25565 1.4573483041368083
Tb927_02_v5.1 26933 28291 1.8015375954622899
Tb927_02_v5.1 29355 30672 0.2789759497028152
Tb927_02_v5.1 39761 40120 1.8524428115861422
Tb927_02_v5.1 42446 42745 0.8109661756099831
Tb927_02_v5.1 49087 49479 1.1053530001462288
Tb927_02_v5.1 50269 50616 0.5305147166987798
Tb927_02_v5.1 65669 66185 0.23217344212903337
Tb927_02_v5.1 70721 71093 1.289506617194985
Tb927_02_v5.1 79226 80448 0.9696263509564811
Tb927_02_v5.1 82455 83460 0.8536105130184768
Tb927_02_v5.1 93911 94541 2.5796092662269494
Tb927_02_v5.1 100163 102543 1.0223678130284546
Tb927_02_v5.1 103550 104706 1.6244908649077936
Tb927_02_v5.1 143731 144890 0.3944761767965276
Tb927_02_v5.1 147245 147666 0.7997013495141688
Tb927_02_v5.1 177282 177594 1.1292830169449664
Tb927_02_v5.1 179176 179943 1.3765633514642082
Tb927_02_v5.1 181854 182289 2.9564107314523174
Tb927_02_v5.1 182747 183865 1.902702798645085
Tb927_02_v5.1 184027 184585 0.5145731728297582
Tb927_02_v5.1 185982 187352 2.1154772174199357
Tb927_02_v5.1 192304 193054 0.16293857112620563
Tb927_02_v5.1 194652 196056 0.11547721741993618
Tb927_02_v5.1 197663 199127 0.2972010089849854
Tb927_02_v5.1 208434 209086 0.08799648099782895
Tb927_02_v5.1 212088 213673 1.656441889141095
Tb927_02_v5.1 215877 216361 1.7297340249351303
Tb927_02_v5.1 223929 224546 1.2360673582335244
Tb927_02_v5.1 299946 300647 0.3168571053399405
Tb927_02_v5.1 309921 311485 2.2852000616362624
Tb927_02_v5.1 373972 374789 0.6423287200281308
Tb927_02_v5.1 375526 376845 0.9524716299174143
Tb927_02_v5.1 377902 379015 2.3536369546147005
Tb927_02_v5.1 381565 382070 2.662965012722429
Tb927_02_v5.1 382399 382722 0.9798221180623697
Tb927_02_v5.1 382987 383586 1.4594316186372973
Tb927_02_v5.1 419928 420323 1.222392421336448
Tb927_02_v5.1 497514 500558 2.807354922057604
Tb927_02_v5.1 500631 500957 1.0
Tb927_02_v5.1 500972 502373 1.6244908649077936
Tb927_02_v5.1 504370 505769 1.0173472435638968
Tb927_02_v5.1 632008 633659 3.6558550358171287
Tb927_02_v5.1 690607 692030 3.128628585071241
Tb927_02_v5.1 692152 693299 3.0485517448321096
Tb927_02_v5.1 693397 695214 1.2630344058337937
Tb927_02_v5.1 696075 697367 0.41503749927884376
Tb927_02_v5.1 740670 741445 1.1952562913989337
Tb927_02_v5.1 769214 769565 1.7725895038969275
Tb927_02_v5.1 798601 800432 0.3410369178350669
Tb927_02_v5.1 833758 834670 4.612443237143263
Tb927_02_v5.1 850247 851571 0.561878887608115
Tb927_02_v5.1 867490 867860 1.5298693599262698
Tb927_02_v5.1 869441 869886 0.9004643264490856
Tb927_02_v5.1 972948 973844 0.42662547355405556
Tb927_03_v5.1 120233 120575 2.15200309344505
Tb927_03_v5.1 129909 131940 1.511899038531433
Tb927_03_v5.1 151007 152151 3.1043366598147357
Tb927_03_v5.1 166722 167779 3.078002512001273
Tb927_03_v5.1 195352 196425 2.344197258728395
Tb927_03_v5.1 402559 403936 1.277533975528909
Tb927_03_v5.1 407480 408448 2.92283213947754
Tb927_03_v5.1 420978 421810 1.3081222953623317
Tb927_03_v5.1 434078 435091 2.1101829177504228
Tb927_03_v5.1 445665 448259 1.2801079191927351
Tb927_03_v5.1 451772 453009 1.4882864813094823
Tb927_03_v5.1 490794 491742 1.9763487319353548
Tb927_03_v5.1 500131 501296 0.771181309504119
Tb927_03_v5.1 539974 541011 1.494471966773249
Tb927_03_v5.1 541998 545121 1.621587732487564
Tb927_03_v5.1 556918 557889 1.1699250014423124
Tb927_03_v5.1 559894 560716 1.6629650127224291
Tb927_03_v5.1 565346 567176 0.6835263352047458
Tb927_03_v5.1 569508 571071 0.43389652653015964
Tb927_03_v5.1 585047 587453 0.022507399409569695
Tb927_03_v5.1 642838 643358 0.6646513893503159
Tb927_03_v5.1 644843 645197 0.25525705524207465
Tb927_03_v5.1 647900 648729 3.222392421336448
Tb927_03_v5.1 669070 671373 2.264131929691129
Tb927_03_v5.1 749899 751223 0.6374299206152918
Tb927_03_v5.1 757050 758259 5.502500340529183
Tb927_03_v5.1 808726 809548 0.8479969065549501
Tb927_03_v5.1 813818 814703 6.934673752122056
Tb927_03_v5.1 831359 832821 1.874469117916141
Tb927_03_v5.1 860130 861669 3.817623257511431
Tb927_03_v5.1 876320 876629 0.3050646572537122
Tb927_03_v5.1 877172 877519 1.253756592245783
Tb927_03_v5.1 877553 878356 0.569760094077486
Tb927_03_v5.1 878595 879087 0.8524428115861422
Tb927_03_v5.1 880417 881623 0.843880798082718
Tb927_03_v5.1 894604 897212 1.3460137134116754
Tb927_03_v5.1 905120 905452 0.30610312772567977
Tb927_03_v5.1 906502 907728 0.8543225448043649
Tb927_03_v5.1 908318 909748 0.7529071380352277
Tb927_03_v5.1 910734 911976 2.263034405833794
Tb927_03_v5.1 913637 914719 2.9129432657307768
Tb927_03_v5.1 914995 915343 1.7725895038969275
Tb927_03_v5.1 923482 924175 0.3025627700204313
Tb927_03_v5.1 924956 926089 0.7789209106075846
Tb927_03_v5.1 926678 928111 0.43440282414577486
Tb927_03_v5.1 929156 930275 3.222392421336448
Tb927_03_v5.1 932333 933079 4.369233809665719
Tb927_03_v5.1 933349 933999 0.9769163868869588
Tb927_03_v5.1 941837 942166 0.45545176772475204
Tb927_03_v5.1 943118 944444 0.5826374477749123
Tb927_03_v5.1 945033 946469 0.053439258961460415
Tb927_03_v5.1 947459 948636 2.682809824119301
Tb927_03_v5.1 950496 951444 2.487265826834023
Tb927_03_v5.1 951735 952361 0.6495027529158668
Tb927_03_v5.1 961920 962472 1.8300749985576876
Tb927_03_v5.1 962479 962787 0.9688390685135394
Tb927_03_v5.1 963329 964840 0.42084312096004944
Tb927_03_v5.1 965809 966957 2.6080461138341975
Tb927_03_v5.1 969207 969800 4.766712937560258
Tb927_03_v5.1 970169 970718 1.1541231453194194
Tb927_03_v5.1 1123882 1125089 1.1106440636839925
Tb927_03_v5.1 1125098 1126603 2.652076696579693
Tb927_03_v5.1 1165763 1166356 1.0740005814437767
Tb927_03_v5.1 1178445 1179359 1.736965594166206
Tb927_03_v5.1 1242793 1244905 0.749456538349403
Tb927_03_v5.1 1273055 1273502 0.7369655941662062
Tb927_03_v5.1 1275353 1277479 0.7369655941662062
Tb927_03_v5.1 1279618 1280498 1.874469117916141
Tb927_03_v5.1 1315886 1316598 2.3536369546147005
Tb927_03_v5.1 1326140 1327746 1.9235868844808321
Tb927_03_v5.1 1329161 1329519 4.178803152788765
Tb927_03_v5.1 1329764 1330108 6.189824558880018
Tb927_03_v5.1 1359415 1360771 0.7865963618908067
Tb927_03_v5.1 1612803 1613723 1.3536369546147005
Tb927_03_v5.1 1633580 1634916 0.24716032648539007
Tb927_03_v5.1 1636962 1637657 1.0079927907535307
Tb927_03_v5.1 1640227 1640765 2.759567023103339
Tb927_04_v5.1 2902 3496 0.004139730360923803
Tb927_04_v5.1 4865 6341 1.3378696387563838
Tb927_04_v5.1 35518 37420 0.8205522244391811
Tb927_04_v5.1 40464 40817 1.3902341082782712
Tb927_04_v5.1 41184 42647 0.4341463222265485
Tb927_04_v5.1 48936 49425 2.1228567477855336
Tb927_04_v5.1 52710 53153 3.180572245641821
Tb927_04_v5.1 53212 54869 1.8898170822495772
Tb927_04_v5.1 57922 58557 2.222392421336448
Tb927_04_v5.1 58650 59503 2.384663850235325
Tb927_04_v5.1 59604 60322 2.0874628412503395
Tb927_04_v5.1 63600 64431 2.1454304395215638
Tb927_04_v5.1 64489 65551 0.5025003405291834
Tb927_04_v5.1 69063 69485 1.4447848426728958
Tb927_04_v5.1 69506 70216 1.5474877953024933
Tb927_04_v5.1 70478 71193 3.0874628412503395
Tb927_04_v5.1 73379 74924 1.1744977312321365
Tb927_04_v5.1 74950 76595 1.754523965550511
Tb927_04_v5.1 101103 102399 1.874469117916141
Tb927_04_v5.1 104238 105396 1.5087729375447134
Tb927_04_v5.1 109362 109864 0.9719856238304033
Tb927_04_v5.1 112032 112740 1.1154772174199359
Tb927_04_v5.1 140069 142864 1.5940935124732847
Tb927_04_v5.1 193677 194758 2.3743955147814977
Tb927_04_v5.1 203902 205362 6.73996808232773
Tb927_04_v5.1 206277 206856 1.0
Tb927_04_v5.1 233431 233917 1.2895066171949847
Tb927_04_v5.1 238021 239067 3.5443205162238103
Tb927_04_v5.1 267251 268814 1.560714954474479
Tb927_04_v5.1 268914 270061 5.166581558367942
Tb927_04_v5.1 311652 312481 1.1312445332782528
Tb927_04_v5.1 312851 313859 0.3325753390868709
Tb927_04_v5.1 331144 332588 0.9899463353360769
Tb927_04_v5.1 363805 364775 3.08037341646402
Tb927_04_v5.1 366058 367712 1.15200309344505
Tb927_04_v5.1 415842 417436 0.4908050068968086
Tb927_04_v5.1 858952 859805 1.6374299206152918
Tb927_04_v5.1 863012 864778 1.0815298854965985
Tb927_04_v5.1 870275 871126 5.2521397647305
Tb927_04_v5.1 876461 877324 0.289506617194985
Tb927_04_v5.1 879539 879860 0.29768054864068516
Tb927_04_v5.1 879883 880740 0.48112668973661615
Tb927_04_v5.1 883112 884118 3.305184831052786
Tb927_04_v5.1 920243 920806 0.5994620704162714
Tb927_04_v5.1 944697 945293 4.564784618783526
Tb927_04_v5.1 1031946 1033808 0.7873705476034495
Tb927_04_v5.1 1046828 1048535 0.22074268411735515
Tb927_04_v5.1 1070817 1071614 1.1805722456418208
Tb927_04_v5.1 1081218 1082589 3.0540766727557926
Tb927_04_v5.1 1082994 1083694 0.5474877953024933
Tb927_04_v5.1 1095016 1095681 1.6431435718096852
Tb927_04_v5.1 1156493 1158317 0.3818706353436447
Tb927_04_v5.1 1171816 1172159 0.021695071099318976
Tb927_04_v5.1 1208560 1208878 1.5235619560570128
Tb927_04_v5.1 1238842 1239305 5.196397212803503
Tb927_04_v5.1 1275633 1277365 2.6244908649077936
Tb927_04_v5.1 1283520 1283842 3.3692338096657193
Tb927_04_v5.1 1292184 1293150 2.060070918854417
Tb927_04_v5.1 1300172 1300481 0.16992500144231237
Tb927_04_v5.1 1345321 1347446 1.3661278987978975
Tb927_04_v5.1 1360195 1362046 1.4379743105560028
Tb927_04_v5.1 1365874 1367138 1.078002512001273
Tb927_04_v5.1 1382219 1383579 1.5443205162238103
Tb927_04_v5.1 1399115 1400549 1.6523533664512648
Tb927_04_v5.1 1408881 1409336 1.471621027645211
Tb927_04_v5.1 1412682 1414480 0.19773036710217876
Tb927_04_v5.1 1465009 1466127 0.09310940439148145
Tb927_04_v5.1 1487524 1487984 2.021310506245412
Tb927_04_v5.1 1488003 1488763 0.9827220085681645
Tb927_04_v5.1 1498559 1499713 1.2801079191927351
Tb927_04_v5.1 1509629 1510663 3.652076696579693
Tb927_04_v5.1 1551519 1552694 0.8073549220576041
Tb927_04_v5.1 1556473 1556824 2.683526335204746
Tb927_04_v5.1 1566847 1567525 4.7900769306257684
Tb927_04_v5.1 1573228 1574341 1.24736494956791
Tb927_04_v5.1 1576410 1577399 0.5797822616154761
Tb927_04_v5.1 1579978 1580534 0.5925756848310313
Tb927_05_v5.1 1578 1953 2.0588936890535687
Tb927_05_v5.1 2088 3048 4.235216461694032
Tb927_05_v5.1 5500 6078 0.06140054466414327
Tb927_05_v5.1 7532 8910 0.977973693670001
Tb927_05_v5.1 62021 63580 1.5183253076908658
Tb927_05_v5.1 65757 66105 6.431845786965398
Tb927_05_v5.1 66115 66533 1.0
Tb927_05_v5.1 71188 71617 1.3219280948873624
Tb927_05_v5.1 83589 85313 1.494764691749578
Tb927_05_v5.1 89635 90039 0.3692338096657191
Tb927_05_v5.1 100760 101348 1.0473057147783569
Tb927_05_v5.1 101370 102235 5.9818526532897405
Tb927_05_v5.1 102667 104354 2.0919224894410395
Tb927_05_v5.1 136178 136501 0.5025003405291834
Tb927_05_v5.1 141092 142474 2.7725895038969273
Tb927_05_v5.1 146058 147806 0.8300749985576875
Tb927_05_v5.1 184312 186723 0.9510903995190534
Tb927_05_v5.1 188479 190444 1.925999418556223
Tb927_05_v5.1 191241 191543 1.4739311883324124
Tb927_05_v5.1 242125 243058 2.7639815127219483
Tb927_05_v5.1 262474 262799 0.22239242133644802
Tb927_05_v5.1 556950 558910 2.8339900485610707
Tb927_05_v5.1 695438 697285 1.2506506813779614
Tb927_05_v5.1 739402 740396 0.9788057777308766
Tb927_05_v5.1 740880 741382 1.9352943106121847
Tb927_05_v5.1 741802 742268 0.17584983539941762
Tb927_05_v5.1 936071 937424 1.1375035237499351
Tb927_05_v5.1 939081 940050 2.4187896341399515
Tb927_05_v5.1 948131 949498 4.667272854205893
Tb927_05_v5.1 958610 960323 0.508696606493089
Tb927_05_v5.1 962729 963995 0.4681488357384062
Tb927_05_v5.1 975828 976359 0.415037499278844
Tb927_05_v5.1 1067634 1068389 0.4383700031094676
Tb927_05_v5.1 1075374 1076558 1.3536369546147007
Tb927_05_v5.1 1092660 1094046 2.4818690077570524
Tb927_05_v5.1 1120535 1121619 1.2801079191927351
Tb927_05_v5.1 1122991 1125399 0.8086344742841766
Tb927_05_v5.1 1143000 1144694 0.3644114262088758
Tb927_05_v5.1 1148504 1149457 0.415037499278844
Tb927_05_v5.1 1149559 1149876 2.0
Tb927_05_v5.1 1154846 1155913 0.5649329297619026
Tb927_05_v5.1 1297071 1298628 1.2102177073903457
Tb927_05_v5.1 1309183 1309656 1.222392421336448
Tb927_05_v5.1 1312862 1313927 0.289506617194985
Tb927_05_v5.1 1314441 1315338 4.417085327927702
Tb927_05_v5.1 1341284 1342144 2.736965594166206
Tb927_05_v5.1 1349272 1350743 2.404595752557197
Tb927_05_v5.1 1354933 1355252 0.1213062962221336
Tb927_05_v5.1 1368887 1370472 5.681824039973745
Tb927_05_v5.1 1371863 1373155 1.7935491225325735
Tb927_05_v5.1 1376029 1376731 0.2515387669959644
Tb927_05_v5.1 1441650 1442010 0.8171359428501894
Tb927_05_v5.1 1444598 1445719 2.7725895038969273
Tb927_05_v5.1 1460091 1460496 2.5025003405291835
Tb927_05_v5.1 1474512 1474839 0.5849625007211562
Tb927_05_v5.1 1488124 1488947 0.03827001692771727
Tb927_05_v5.1 1489198 1489686 1.0874628412503393
Tb927_05_v5.1 1495673 1496388 0.8300749985576875
Tb927_05_v5.1 1510341 1510717 0.5849625007211562
Tb927_05_v5.1 1536827 1538150 0.16839753169571864
Tb927_05_v5.1 1542736 1543111 0.28950661719498477
Tb927_05_v5.1 1565916 1567019 0.7369655941662062
Tb927_05_v5.1 1568332 1570350 1.797507136101257
Tb927_05_v5.1 1654047 1654365 0.3410369178350669
Tb927_05_v5.1 1657917 1659035 3.1154772174199357
Tb927_05_v5.1 1660176 1660565 1.584962500721156
Tb927_05_v5.1 1689585 1690280 0.33948646627166706
Tb927_05_v5.1 1697011 1697690 1.369233809665719
Tb927_05_v5.1 1709205 1710276 1.584962500721156
Tb927_05_v5.1 1727897 1728523 3.3692338096657193
Tb927_06_v5.1 25239 25546 0.6393547975397839
Tb927_06_v5.1 27232 27870 1.2895066171949847
Tb927_06_v5.1 65312 66007 0.8119276518474282
Tb927_06_v5.1 66938 68482 1.0046166280703699
Tb927_06_v5.1 69666 70452 1.230954434839872
Tb927_06_v5.1 95491 97719 3.150839160311414
Tb927_06_v5.1 104435 105180 5.470319934780034
Tb927_06_v5.1 121014 121773 0.16196747966339312
Tb927_06_v5.1 129653 129995 0.7369655941662062
Tb927_06_v5.1 130953 133122 1.0496502901170515
Tb927_06_v5.1 140732 141441 1.0
Tb927_06_v5.1 183145 184131 1.4571288327678766
Tb927_06_v5.1 301166 302593 0.3364276645824773
Tb927_06_v5.1 310788 311993 2.2591665883940806
Tb927_06_v5.1 347999 348816 2.8744691179161412
Tb927_06_v5.1 364963 367232 1.5789007479339547
Tb927_06_v5.1 377250 378282 2.297680548640685
Tb927_06_v5.1 379624 380451 0.1300605405643729
Tb927_06_v5.1 384182 384817 0.14201900487242786
Tb927_06_v5.1 391981 393488 1.71294236495969
Tb927_06_v5.1 447240 447653 0.13124453327825272
Tb927_06_v5.1 447818 449158 0.36257007938470837
Tb927_06_v5.1 456683 459057 0.5415699052077755
Tb927_06_v5.1 462422 463478 4.394859617341214
Tb927_06_v5.1 477741 478273 1.4150374992788437
Tb927_06_v5.1 486864 487716 1.969626350956481
Tb927_06_v5.1 491277 492056 1.874469117916141
Tb927_06_v5.1 514511 516839 0.736965594166206
Tb927_06_v5.1 535265 536297 2.222392421336448
Tb927_06_v5.1 580813 581250 3.9848931076097918
Tb927_06_v5.1 583590 584985 1.7266236499447472
Tb927_06_v5.1 614472 614822 0.5025003405291834
Tb927_06_v5.1 615545 615850 0.7369655941662062
Tb927_06_v5.1 618920 620237 2.191141487352008
Tb927_06_v5.1 632899 633198 1.8556100906648252
Tb927_06_v5.1 633223 634522 0.16046467219324612
Tb927_06_v5.1 641461 643710 1.0
Tb927_06_v5.1 647046 648687 2.169925001442312
Tb927_06_v5.1 666395 667073 0.6629650127224292
Tb927_06_v5.1 995527 996175 2.415037499278844
Tb927_06_v5.1 998995 999522 2.73039294024272
Tb927_06_v5.1 1011032 1011884 3.1194352309886195
Tb927_06_v5.1 1015815 1017277 1.8988532765431
Tb927_06_v5.1 1024395 1024774 1.6244908649077936
Tb927_06_v5.1 1033434 1034826 3.1043366598147357
Tb927_06_v5.1 1047554 1048325 6.315904307259593
Tb927_06_v5.1 1077642 1078327 0.3410369178350669
Tb927_06_v5.1 1103330 1104047 1.1338557467347905
Tb927_06_v5.1 1146147 1147139 1.2976805486406853
Tb927_06_v5.1 1147622 1148077 0.06711419585853703
Tb927_06_v5.1 1178640 1178988 2.192645077942396
Tb927_06_v5.1 1195779 1196763 9.046214554982821
Tb927_06_v5.1 1275286 1276242 4.365350375178491
Tb927_06_v5.1 1279155 1279696 1.6166713604484944
Tb927_06_v5.1 1461566 1462107 2.7548875021634687
Tb927_06_v5.1 1469647 1470435 0.9510903995190534
Tb927_06_v5.1 1485217 1485517 0.7749334443652266
Tb927_06_v5.1 1487301 1488087 0.9307373375628862
Tb927_06_v5.1 1510716 1511023 0.07800251200127316
Tb927_06_v5.1 1518580 1519101 0.9240511467667015
Tb927_06_v5.1 1519553 1520155 0.8615532300308556
Tb927_06_v5.1 1537452 1539553 1.3145106233248793
Tb927_06_v5.1 1547266 1547909 0.5631361382679777
Tb927_06_v5.1 1548334 1548800 1.0099840885726221
Tb927_06_v5.1 1597381 1598630 3.670178502955004
Tb927_06_v5.1 1606067 1606465 0.5305147166987798
Tb927_06_v5.1 1618392 1618892 2.297680548640685
Tb927_07_v5.1 15660 16388 0.13512927488065365
Tb927_07_v5.1 16853 18580 0.3452160497812725
Tb927_07_v5.1 31078 31386 0.5496870259736255
Tb927_07_v5.1 58161 59928 2.019899557437705
Tb927_07_v5.1 68743 69107 0.874469117916141
Tb927_07_v5.1 82498 83788 2.131911675505581
Tb927_07_v5.1 99340 100777 1.1154772174199359
Tb927_07_v5.1 101500 102208 1.7369655941662063
Tb927_07_v5.1 102978 104310 2.9175378398080274
Tb927_07_v5.1 110313 111510 1.0
Tb927_07_v5.1 140915 142105 2.2941831044044583
Tb927_07_v5.1 143209 144225 3.712718047919529
Tb927_07_v5.1 147984 148372 1.3145106233248793
Tb927_07_v5.1 183541 185922 1.3991932212140654
Tb927_07_v5.1 212101 212936 1.0588936890535685
Tb927_07_v5.1 231822 232448 0.6578940231750076
Tb927_07_v5.1 572345 573282 0.41503749927884376
Tb927_07_v5.1 574017 575215 0.28950661719498477
Tb927_07_v5.1 580718 581272 1.9053631258619248
Tb927_07_v5.1 598059 599471 0.7725895038969276
Tb927_07_v5.1 663166 663832 5.241585986569759
Tb927_07_v5.1 692532 693425 2.027480736422107
Tb927_07_v5.1 696940 697529 0.39366384848627684
Tb927_07_v5.1 706879 707892 3.2479275134435857
Tb927_07_v5.1 888403 889026 1.5193741590935794
Tb927_07_v5.1 898088 898737 0.9004643264490856
Tb927_07_v5.1 898879 900208 1.0732489820306386
Tb927_07_v5.1 906378 907713 2.124695747449315
Tb927_07_v5.1 909025 909659 0.27753397552890896
Tb927_07_v5.1 938594 939612 1.6009040445901777
Tb927_07_v5.1 1015754 1016157 0.28950661719498477
Tb927_07_v5.1 1149454 1150736 3.635734028753277
Tb927_07_v5.1 1207726 1209036 3.499845887083205
Tb927_07_v5.1 1216069 1217496 0.8541491335365452
Tb927_07_v5.1 1221004 1222378 1.478047296804644
Tb927_07_v5.1 1245990 1247472 0.874469117916141
Tb927_07_v5.1 1247667 1248211 1.7369655941662063
Tb927_07_v5.1 1251507 1253661 1.273018494406416
Tb927_07_v5.1 1292692 1294152 0.7369655941662062
Tb927_07_v5.1 1307711 1308936 1.7893209992273424
Tb927_07_v5.1 1310864 1313093 0.8171359428501896
Tb927_07_v5.1 1631546 1631943 0.9564107314523173
Tb927_07_v5.1 1696159 1696987 0.9432139739084227
Tb927_07_v5.1 1707007 1709062 3.6147098441152083
Tb927_07_v5.1 1714873 1715387 1.4150374992788437
Tb927_07_v5.1 1740259 1742355 1.874469117916141
Tb927_07_v5.1 1744961 1746206 0.3131578852596303
Tb927_07_v5.1 1794440 1796131 2.297680548640685
Tb927_07_v5.1 1799418 1800010 2.263034405833794
Tb927_07_v5.1 1803193 1804219 0.874469117916141
Tb927_07_v5.1 1826656 1828108 1.921774832694498
Tb927_07_v5.1 1839308 1840190 1.857980995127572
Tb927_07_v5.1 1859702 1861177 2.029747343394052
Tb927_07_v5.1 1863173 1865664 0.1345421233788277
Tb927_07_v5.1 1878597 1879965 0.6803820657998386
Tb927_07_v5.1 1903819 1906117 0.3640802518069238
Tb927_07_v5.1 1909066 1910570 3.0135465318379477
Tb927_07_v5.1 1916019 1916599 0.7949711976017716
Tb927_07_v5.1 1940760 1941845 2.0882271830117354
Tb927_07_v5.1 1943592 1944473 2.726911929502283
Tb927_07_v5.1 1944528 1945315 2.065291460251719
Tb927_07_v5.1 1945903 1946257 0.5972408304995931
Tb927_07_v5.1 1953440 1953970 0.296774617659024
Tb927_07_v5.1 1954753 1955307 3.4374053123072983
Tb927_07_v5.1 1956220 1958011 0.4434459144645979
Tb927_07_v5.1 1959037 1959907 2.0843162859334754
Tb927_07_v5.1 1997208 1998068 2.0761029790857917
Tb927_07_v5.1 1998083 1999516 1.301750212949732
Tb927_07_v5.1 1999917 2000284 1.12075215946061
Tb927_07_v5.1 2016087 2017475 0.9342967529491704
Tb927_07_v5.1 2026476 2027282 1.0588936890535685
Tb927_07_v5.1 2067157 2068934 0.1884450894131103
Tb927_07_v5.1 2075414 2077019 2.3692338096657193
Tb927_07_v5.1 2079275 2080341 0.16992500144231237
Tb927_07_v5.1 2111713 2112748 1.9418970454364317
Tb927_07_v5.1 2160416 2161895 0.825321468587053
Tb927_08_v5.1 185758 186701 1.7115802757462926
Tb927_08_v5.1 214933 217453 0.8135868757691188
Tb927_08_v5.1 236430 237717 0.40372218605100973
Tb927_08_v5.1 245919 246837 1.4656635723488118
Tb927_08_v5.1 253557 254679 5.4217843317194285
Tb927_08_v5.1 259749 261777 1.960316298527518
Tb927_08_v5.1 283187 284520 3.249873157758555
Tb927_08_v5.1 285769 287136 0.4764380439429871
Tb927_08_v5.1 288780 289306 0.7052567344388679
Tb927_08_v5.1 320452 321857 0.11788773601061667
Tb927_08_v5.1 326262 327422 0.19264507794239583
Tb927_08_v5.1 330021 332192 1.138102276628788
Tb927_08_v5.1 340612 342243 2.094887947917601
Tb927_08_v5.1 368419 370704 2.1963972128035034
Tb927_08_v5.1 389200 391047 1.3315141437165603
Tb927_08_v5.1 393416 394648 0.5145731728297582
Tb927_08_v5.1 556945 557346 0.9385994553358568
Tb927_08_v5.1 576787 577111 0.5025003405291834
Tb927_08_v5.1 582918 583321 0.27753397552890896
Tb927_08_v5.1 615349 616881 0.7459543773934607
Tb927_08_v5.1 1106285 1107703 2.149513541419352
Tb927_08_v5.1 1148919 1149809 3.8171359428501894
Tb927_08_v5.1 1164260 1164898 1.584962500721156
Tb927_08_v5.1 1180036 1180532 0.777607578663552
Tb927_08_v5.1 1185743 1187098 0.7019186470670052
Tb927_08_v5.1 1187472 1188570 2.194010619966625
Tb927_08_v5.1 1197350 1198797 1.2563397532597855
Tb927_08_v5.1 1200714 1201633 0.6313554062056072
Tb927_08_v5.1 1203240 1204783 0.11664491885227059
Tb927_08_v5.1 1210334 1211254 0.5631361382679777
Tb927_08_v5.1 1212853 1214401 0.4489848312021815
Tb927_08_v5.1 1237572 1240273 0.15200309344505006
Tb927_08_v5.1 1311519 1312143 2.183918273521812
Tb927_08_v5.1 1323463 1324258 4.23946593469539
Tb927_08_v5.1 1331033 1331916 0.04730571477835682
Tb927_08_v5.1 1359609 1361333 0.5305147166987798
Tb927_08_v5.1 1364482 1364892 0.4720684443152228
Tb927_08_v5.1 1367844 1369106 1.6880559936852595
Tb927_08_v5.1 1379248 1380141 0.874469117916141
Tb927_08_v5.1 1381227 1382482 0.37984807081654376
Tb927_08_v5.1 1382725 1383164 0.3797044261665633
Tb927_08_v5.1 1385462 1386163 0.03347470455108828
Tb927_08_v5.1 1387209 1388462 0.26960705975727994
Tb927_08_v5.1 1388691 1389127 0.7019186470670052
Tb927_08_v5.1 1391671 1392140 0.780686971595524
Tb927_08_v5.1 1393184 1394153 0.7594204449939022
Tb927_08_v5.1 1394295 1395086 1.3025627700204314
Tb927_08_v5.1 1399463 1399778 1.1805722456418208
Tb927_08_v5.1 1400999 1401351 0.32311500983780445
Tb927_08_v5.1 1592653 1593818 0.5800967455493402
Tb927_08_v5.1 1895406 1896247 0.6701106194099546
Tb927_08_v5.1 1956887 1958365 0.6970728670426934
Tb927_08_v5.1 1995007 1995506 2.0
Tb927_08_v5.1 2099262 2099683 3.8744691179161412
Tb927_08_v5.1 2105077 2106644 3.484522599600128
Tb927_09_v5.1 1531 1989 0.7369655941662062
Tb927_09_v5.1 163559 164868 3.723376529418251
Tb927_09_v5.1 173335 174828 0.32192809488736235
Tb927_09_v5.1 324191 324647 2.902303326112867
Tb927_09_v5.1 380024 381730 1.959358015502654
Tb927_09_v5.1 426159 433311 0.6166713604484945
Tb927_09_v5.1 438221 438900 0.41503749927884376
Tb927_09_v5.1 442005 443161 1.7248927618656311
Tb927_09_v5.1 443456 444329 1.1730647089728796
Tb927_09_v5.1 451561 452243 0.22239242133644802
Tb927_09_v5.1 458132 458768 1.011972641666076
Tb927_09_v5.1 479088 480114 0.11547721741993588
Tb927_09_v5.1 484312 486428 1.285688951456035
Tb927_09_v5.1 496322 498572 1.0066637302810106
Tb927_09_v5.1 525131 526174 2.840315120832003
Tb927_09_v5.1 556957 559025 0.8200213338937645
Tb927_09_v5.1 633318 633713 0.48542682717024166
Tb927_09_v5.1 642532 642929 0.561878887608115
Tb927_09_v5.1 663547 664725 0.37514477215533104
Tb927_09_v5.1 673595 674055 5.984893107609792
Tb927_09_v5.1 677186 677961 1.538419914784126
Tb927_09_v5.1 678025 678658 2.5443205162238103
Tb927_09_v5.1 680158 681407 1.2026291665150182
Tb927_09_v5.1 687372 687710 1.096861539252589
Tb927_09_v5.1 1183813 1184234 5.222392421336448
Tb927_09_v5.1 1185518 1185975 2.533978572002351
Tb927_09_v5.1 1194032 1194750 4.584962500721156
Tb927_09_v5.1 1198516 1199171 0.37804329179664237
Tb927_09_v5.1 1202004 1202557 2.925999418556223
Tb927_09_v5.1 1224884 1225734 1.8556100906648252
Tb927_09_v5.1 1231091 1231982 3.690541257074854
Tb927_09_v5.1 1275243 1275890 3.8662486111111725
Tb927_09_v5.1 1289258 1290092 0.8536105130184768
Tb927_09_v5.1 1290136 1290704 1.9385994553358565
Tb927_09_v5.1 1294657 1295595 0.8598223419517397
Tb927_09_v5.1 1300046 1300419 0.48112668973661615
Tb927_09_v5.1 1301031 1301343 1.0
Tb927_09_v5.1 1311536 1311961 0.6476982560691188
Tb927_09_v5.1 1312553 1312945 0.5305147166987798
Tb927_09_v5.1 1317221 1317572 0.22239242133644774
Tb927_09_v5.1 1317936 1319094 1.5168397798017033
Tb927_09_v5.1 1324379 1324776 3.6629650127224296
Tb927_09_v5.1 1327648 1328429 3.181750436839102
Tb927_09_v5.1 1330969 1332969 1.9409207672459778
Tb927_09_v5.1 1361178 1361861 0.19264507794239583
Tb927_09_v5.1 1372230 1373313 2.1963972128035034
Tb927_09_v5.1 1428655 1429435 1.1844245711374275
Tb927_09_v5.1 1441678 1443205 1.9385994553358568
Tb927_09_v5.1 1454474 1455443 1.2428565238961635
Tb927_09_v5.1 1457972 1458774 1.1239887172754532
Tb927_09_v5.1 1459016 1459315 1.1338557467347905
Tb927_09_v5.1 1466623 1467824 1.73316402400635
Tb927_09_v5.1 1471283 1472011 1.3870231231092474
Tb927_09_v5.1 1480550 1481553 0.6680182404487146
Tb927_09_v5.1 1481770 1482762 7.314394422201954
Tb927_09_v5.1 1569931 1571316 1.0544477840223765
Tb927_09_v5.1 1575583 1577029 1.1375035237499351
Tb927_09_v5.1 1584942 1585830 4.084316285933475
Tb927_09_v5.1 1597976 1598563 2.222392421336448
Tb927_09_v5.1 1603888 1605333 2.3025627700204314
Tb927_09_v5.1 1617381 1618428 4.9905767461133745
Tb927_09_v5.1 1624810 1626357 0.39967318962666437
Tb927_09_v5.1 1703475 1703815 2.8556100906648254
Tb927_09_v5.1 2084774 2085195 2.596787936117946
Tb927_09_v5.1 2085349 2086407 3.9708064696651384
Tb927_09_v5.1 2087616 2088693 2.7472339296200334
Tb927_09_v5.1 2138985 2140340 4.885357434058878
Tb927_09_v5.1 2150268 2151829 1.461331151552779
Tb927_09_v5.1 2153443 2154839 3.6880559936852597
Tb927_09_v5.1 2163113 2163969 5.96193195916648
Tb927_09_v5.1 2181832 2183142 1.1243281350022019
Tb927_09_v5.1 2193431 2194496 1.078002512001273
Tb927_09_v5.1 2213640 2215176 0.9664474402889733
Tb927_09_v5.1 2217076 2219119 1.8780094756213896
Tb927_09_v5.1 2222724 2223766 0.6502539609728754
Tb927_09_v5.1 2231777 2232617 1.6108245640331222
Tb927_09_v5.1 2235008 2236021 3.40171612078101
Tb927_09_v5.1 2244589 2245428 6.934673752122056
Tb927_09_v5.1 2249170 2250372 3.531581404393133
Tb927_09_v5.1 2323551 2323888 1.5339785720023513
Tb927_09_v5.1 2336542 2336869 0.48019017880409487
Tb927_09_v5.1 2498852 2499286 3.321928094887362
Tb927_09_v5.1 2508975 2509599 0.41503749927884376
Tb927_09_v5.1 2537940 2539372 3.5025003405291835
Tb927_09_v5.1 2644981 2645329 0.6476982560691188
Tb927_09_v5.1 2658444 2659876 0.7658927796297084
Tb927_09_v5.1 2669973 2670364 2.321928094887362
Tb927_09_v5.1 2675412 2676997 0.7369655941662062
Tb927_09_v5.1 2689329 2690248 0.6809315592518783
Tb927_09_v5.1 2691056 2691357 1.7057146601817663
Tb927_09_v5.1 2692450 2693141 2.237039197300849
Tb927_09_v5.1 2710116 2710436 0.4506614090095652
Tb927_09_v5.1 2710619 2711344 0.9757524537533226
Tb927_09_v5.1 2712081 2713752 0.9242726738367549
Tb927_09_v5.1 2746912 2748111 0.14622074085104392
Tb927_09_v5.1 2755429 2756440 1.4447848426728958
Tb927_09_v5.1 2766940 2767474 2.0588936890535683
Tb927_09_v5.1 2767759 2768211 2.0
Tb927_09_v5.1 2789002 2789557 0.02974734339405193
Tb927_09_v5.1 2803004 2804423 1.4379743105560028
Tb927_09_v5.1 2833686 2835136 0.3410369178350669
Tb927_09_v5.1 2839774 2840554 1.3356030317844392
Tb927_09_v5.1 2847186 2848944 1.5415699052077756
Tb927_09_v5.1 2856869 2857187 1.584962500721156
Tb927_09_v5.1 2857357 2858609 1.229025513668895
Tb927_09_v5.1 2886870 2887535 0.32192809488736235
Tb927_09_v5.1 2897900 2898410 2.415037499278844
Tb927_09_v5.1 2901840 2902471 0.5579954531208869
Tb927_09_v5.1 2922191 2923146 0.3286227474613706
Tb927_09_v5.1 2927428 2929048 0.874469117916141
Tb927_09_v5.1 2954355 2954699 0.5956097449206649
Tb927_09_v5.1 2954749 2955453 1.0896372124846765
Tb927_09_v5.1 2982448 2982785 0.02974734339405193
Tb927_09_v5.1 2993997 2994468 0.30812229536233166
Tb927_09_v5.1 3004229 3004917 1.222392421336448
Tb927_09_v5.1 3004981 3006494 4.044394119358453
Tb927_09_v5.1 3010736 3012066 0.7608123361205739
Tb927_09_v5.1 3015845 3016150 2.1154772174199357
Tb927_09_v5.1 3091296 3091947 0.5462820325570965
Tb927_09_v5.1 3092240 3092871 2.089125890472984
Tb927_09_v5.1 3103277 3104281 2.222392421336448
Tb927_09_v5.1 3109957 3110344 0.4681488357384062
Tb927_09_v5.1 3110989 3111600 0.3536369546147006
Tb927_09_v5.1 3119238 3120481 0.4656635723488118
Tb927_09_v5.1 3122530 3123923 1.0
Tb927_09_v5.1 3129130 3130041 1.9744649078928624
Tb927_09_v5.1 3132675 3132991 0.22239242133644802
Tb927_09_v5.1 3133085 3133981 1.4150374992788437
Tb927_09_v5.1 3150023 3151161 0.25538083329035854
Tb927_09_v5.1 3151523 3152247 1.9730329523997308
Tb927_09_v5.1 3153162 3153547 0.8702321250296703
Tb927_09_v5.1 3162105 3162421 1.4739311883324122
Tb927_09_v5.1 3167159 3167834 1.4405725913859815
Tb927_09_v5.1 3168478 3169529 0.41503749927884376
Tb927_09_v5.1 3174326 3175260 2.077076223018641
Tb927_09_v5.1 3180346 3180695 1.222392421336448
Tb927_09_v5.1 3187208 3188785 0.36612789879789726
Tb927_09_v5.1 3193417 3193846 2.476149013582231
Tb927_09_v5.1 3197488 3197825 0.8930847960834881
Tb927_09_v5.1 3211945 3212854 1.1805722456418208
Tb927_09_v5.1 3214774 3215865 1.0339473319233379
Tb927_09_v5.1 3217054 3217368 0.736965594166206
Tb927_09_v5.1 3218213 3218638 2.584962500721156
Tb927_09_v5.1 3218740 3219114 0.415037499278844
Tb927_09_v5.1 3227488 3228131 1.3219280948873624
Tb927_09_v5.1 3233593 3234055 2.736965594166206
Tb927_09_v5.1 3247370 3247873 1.8831863350172502
Tb927_09_v5.1 3255900 3256809 0.11547721741993588
Tb927_09_v5.1 3259717 3260596 1.4587978848072565
Tb927_09_v5.1 3263348 3264745 1.9240511467667016
Tb927_09_v5.1 3264805 3265221 1.15200309344505
Tb927_09_v5.1 3266503 3267751 0.7312968440795141
Tb927_09_v5.1 3274212 3274603 2.0
Tb927_09_v5.1 3282653 3282973 1.3536369546147005
Tb927_09_v5.1 3283612 3283959 0.985786140780299
Tb927_09_v5.1 3284360 3284763 0.9625252945813372
Tb927_09_v5.1 3285261 3286365 1.6374299206152918
Tb927_09_v5.1 3287821 3288141 1.0
Tb927_09_v5.1 3314593 3315187 2.3692338096657193
Tb927_09_v5.1 3323838 3325564 3.7725895038969273
Tb927_09_v5.1 3327850 3329446 1.0931094043914815
Tb927_09_v5.1 3334312 3336145 0.11765158865427318
Tb927_09_v5.1 3336797 3337981 1.0
Tb927_09_v5.1 3353146 3353483 2.15200309344505
Tb927_09_v5.1 3406403 3407239 1.9004643264490857
Tb927_09_v5.1 3407466 3408413 1.7369655941662063
Tb927_09_v5.1 3427276 3428049 2.0
Tb927_09_v5.1 3437799 3438468 1.2801079191927351
Tb927_09_v5.1 3439342 3440476 0.5525410230287786
Tb927_09_v5.1 3441981 3442356 3.6244908649077936
Tb927_09_v5.1 3443601 3444766 1.4325249260076849
Tb927_09_v5.1 3457195 3458597 0.5025003405291834
Tb927_09_v5.1 3480810 3482572 1.0561430780375336
Tb927_09_v5.1 3494292 3495637 2.4068169924738756
Tb927_09_v5.1 3509888 3510482 0.6780719051126377
Tb927_09_v5.1 3512872 3513238 1.4150374992788437
Tb927_09_v5.1 3521470 3521955 2.662965012722429
Tb927_09_v5.1 3531686 3532003 1.4150374992788437
Tb927_09_v5.1 3534453 3535679 2.3968901525685844
Tb927_10_v5.1 14962 16468 0.9556058806415466
Tb927_10_v5.1 39896 41238 0.2771582247673399
Tb927_10_v5.1 42118 43231 0.39366384848627684
Tb927_10_v5.1 54597 55228 1.3081222953623317
Tb927_10_v5.1 331239 332203 0.6076825772212396
Tb927_10_v5.1 334510 335730 4.372333048324606
Tb927_10_v5.1 336701 337037 0.6076825772212396
Tb927_10_v5.1 351885 353628 1.8658901330273578
Tb927_10_v5.1 360254 360897 0.6374299206152918
Tb927_10_v5.1 362356 363122 1.0386212940273074
Tb927_10_v5.1 369583 370544 2.8177266061300426
Tb927_10_v5.1 436610 437665 0.02974734339405193
Tb927_10_v5.1 471774 473924 3.3923174227787602
Tb927_10_v5.1 474209 475100 0.5849625007211562
Tb927_10_v5.1 617723 619274 0.25525705524207465
Tb927_10_v5.1 632869 634835 0.6880559936852596
Tb927_10_v5.1 799652 800010 0.41503749927884376
Tb927_10_v5.1 954905 955581 0.27938239992127767
Tb927_10_v5.1 966869 967276 1.0544477840223765
Tb927_10_v5.1 996632 998301 0.9068905956085185
Tb927_10_v5.1 1012019 1014416 1.4621959326481715
Tb927_10_v5.1 1027186 1029299 1.7718993842755932
Tb927_10_v5.1 1074039 1075176 6.557995453120887
Tb927_10_v5.1 1101769 1102232 1.959358015502654
Tb927_10_v5.1 1144864 1145727 0.7369655941662062
Tb927_10_v5.1 1150415 1152319 1.21800065221929
Tb927_10_v5.1 1180986 1181882 2.9627889209029274
Tb927_10_v5.1 1182304 1183003 0.32930762525295987
Tb927_10_v5.1 1189986 1190800 7.91687468418114
Tb927_10_v5.1 1191727 1192585 0.7015602580350074
Tb927_10_v5.1 1202899 1203353 1.2223924213364477
Tb927_10_v5.1 1446577 1447919 2.648657176038546
Tb927_10_v5.1 1477966 1479156 3.761349752793165
Tb927_10_v5.1 1488222 1489930 0.15036273506379447
Tb927_10_v5.1 1498389 1498784 0.1429579538420431
Tb927_10_v5.1 1502018 1503070 4.03708931873522
Tb927_10_v5.1 1536613 1538647 0.6183210976675872
Tb927_10_v5.1 1548964 1550113 0.8479969065549501
Tb927_10_v5.1 1567172 1568317 0.23446525363702297
Tb927_10_v5.1 1569097 1570604 1.3462385022935401
Tb927_10_v5.1 1582061 1582533 1.222392421336448
Tb927_10_v5.1 1583995 1586344 0.11604621566864058
Tb927_10_v5.1 1589282 1590732 1.4974996594708168
Tb927_10_v5.1 1607883 1609280 0.19264507794239583
Tb927_10_v5.1 1612889 1614244 1.9434164716336326
Tb927_10_v5.1 1620186 1620645 4.218707374528592
Tb927_10_v5.1 1626637 1627251 0.6374299206152918
Tb927_10_v5.1 1810631 1812269 1.7279204545631992
Tb927_10_v5.1 1831189 1832163 6.784271308944563
Tb927_10_v5.1 1837246 1839569 0.5529723864767192
Tb927_10_v5.1 1849200 1849519 4.403722186051009
Tb927_10_v5.1 1857734 1859181 0.27301849440641585
Tb927_10_v5.1 1904772 1905938 0.7589919004962051
Tb927_10_v5.1 1911899 1912981 1.1650592462704965
Tb927_10_v5.1 1930442 1931616 1.6674246609131291
Tb927_10_v5.1 1937262 1938281 1.8619238645970275
Tb927_10_v5.1 1943649 1944508 1.6042630566800924
Tb927_10_v5.1 1952780 1954465 1.3103401206121505
Tb927_10_v5.1 1978350 1978994 4.1520030934450505
Tb927_10_v5.1 1982794 1984862 0.17817971600412325
Tb927_10_v5.1 2059475 2060056 1.6244908649077936
Tb927_10_v5.1 2517769 2518342 0.3025627700204313
Tb927_10_v5.1 2545265 2545947 0.45943161863729726
Tb927_10_v5.1 2547915 2548434 1.0
Tb927_10_v5.1 2590537 2590991 0.20645087746742624
Tb927_10_v5.1 2618143 2620246 3.117569596381176
Tb927_10_v5.1 2647996 2649076 3.3339007365534385
Tb927_10_v5.1 2649129 2649977 0.3923174227787603
Tb927_10_v5.1 2693481 2694195 2.319689622691363
Tb927_10_v5.1 2695887 2697103 0.028854862672184987
Tb927_10_v5.1 2697423 2697756 0.6601499971153751
Tb927_10_v5.1 2719374 2720963 0.0994037338150422
Tb927_10_v5.1 2741462 2742273 0.9593580155026541
Tb927_10_v5.1 3006985 3008230 5.328781765928425
Tb927_10_v5.1 3043495 3045748 1.1423529234113305
Tb927_10_v5.1 3075537 3076003 3.913288366806669
Tb927_10_v5.1 3095227 3096861 0.18352959899899376
Tb927_10_v5.1 3103075 3103503 0.8624964762500651
Tb927_10_v5.1 3103707 3104985 2.4739311883324127
Tb927_10_v5.1 3122608 3123214 2.222392421336448
Tb927_10_v5.1 3129368 3130333 0.2515387669959644
Tb927_10_v5.1 3167870 3169263 1.2223924213364477
Tb927_10_v5.1 3180534 3182577 0.415037499278844
Tb927_10_v5.1 3199962 3200263 1.0
Tb927_10_v5.1 3201082 3202103 2.736965594166206
Tb927_10_v5.1 3218156 3219257 0.7369655941662062
Tb927_10_v5.1 3219381 3219925 0.8073549220576041
Tb927_10_v5.1 3248770 3249176 3.5025003405291835
Tb927_10_v5.1 3275805 3276991 2.1324502960236495
Tb927_10_v5.1 3305822 3306941 1.222392421336448
Tb927_10_v5.1 3317118 3318793 1.780346940551591
Tb927_10_v5.1 3338824 3339134 2.604862058158861
Tb927_10_v5.1 3356488 3358646 3.583747599562297
Tb927_10_v5.1 3378738 3379989 2.0588936890535687
Tb927_10_v5.1 3402028 3403660 0.06711419585853703
Tb927_10_v5.1 3407288 3409200 1.5118990385314328
Tb927_10_v5.1 3409386 3410495 1.0473057147783569
Tb927_10_v5.1 3426212 3427885 2.3248844382187746
Tb927_10_v5.1 3461139 3461455 2.6009040445901777
Tb927_10_v5.1 3475959 3477346 0.07800251200127316
Tb927_10_v5.1 3479054 3479507 1.2563397532597855
Tb927_10_v5.1 3505301 3507162 1.499353785212319
Tb927_10_v5.1 3522471 3523319 0.9682212913273389
Tb927_10_v5.1 3535281 3536303 1.8538293518571047
Tb927_10_v5.1 3607584 3608232 5.044394119358453
Tb927_10_v5.1 4001161 4001605 0.28950661719498477
Tb927_10_v5.1 4016137 4017103 0.7410238107405597
Tb927_10_v5.1 4020826 4021363 0.30812229536233166
Tb927_10_v5.1 4024842 4025399 0.45395648857114623
Tb927_11_v5.1 6211 6623 0.925999418556223
Tb927_11_v5.1 8776 9318 1.8073549220576042
Tb927_11_v5.1 24502 25262 1.2730184944064158
Tb927_11_v5.1 30430 30964 0.685126662646588
Tb927_11_v5.1 55520 57168 2.807354922057604
Tb927_11_v5.1 62089 63053 0.9593580155026541
Tb927_11_v5.1 108029 108748 2.584962500721156
Tb927_11_v5.1 138708 139537 4.841302253980942
Tb927_11_v5.1 473781 475550 0.8845227825800641
Tb927_11_v5.1 487972 488279 0.03652587602511419
Tb927_11_v5.1 490377 493183 0.5915712847968059
Tb927_11_v5.1 498152 499817 3.2580163310671693
Tb927_11_v5.1 505714 506715 0.48542682717024166
Tb927_11_v5.1 531762 532516 1.0
Tb927_11_v5.1 538864 539689 3.08037341646402
Tb927_11_v5.1 549098 549919 2.633944306354185
Tb927_11_v5.1 695161 696286 1.3131578852596302
Tb927_11_v5.1 698173 698713 2.564784618783526
Tb927_11_v5.1 698819 699759 0.948902010717362
Tb927_11_v5.1 746742 747683 1.7519159356321776
Tb927_11_v5.1 762509 763844 0.6629650127224292
Tb927_11_v5.1 771216 771821 0.6166713604484945
Tb927_11_v5.1 793221 795265 1.5291092659876386
Tb927_11_v5.1 839140 840854 2.0368367681803714
Tb927_11_v5.1 843937 845011 0.39280457289005416
Tb927_11_v5.1 855145 856576 2.0840642647884744
Tb927_11_v5.1 869360 870881 1.8918511961443774
Tb927_11_v5.1 876036 878425 1.6464699077268088
Tb927_11_v5.1 891525 892482 3.3989505151112076
Tb927_11_v5.1 906839 908641 3.2788593729954765
Tb927_11_v5.1 918856 920465 1.0742386302919185
Tb927_11_v5.1 1210569 1211604 3.5732263926701875
Tb927_11_v5.1 1216287 1217565 2.0588936890535687
Tb927_11_v5.1 1233828 1236117 0.10825289065202343
Tb927_11_v5.1 1244510 1245506 0.39733549754538494
Tb927_11_v5.1 1368378 1369330 2.0
Tb927_11_v5.1 1370479 1372215 3.0829893646710316
Tb927_11_v5.1 1374123 1374448 0.3584539709124765
Tb927_11_v5.1 1684073 1684411 0.7176002692992752
Tb927_11_v5.1 1692700 1693616 1.4506614090095653
Tb927_11_v5.1 1699941 1700955 0.7276277295868698
Tb927_11_v5.1 1744487 1746444 2.892570924291452
Tb927_11_v5.1 1764715 1766628 1.82833994718694
Tb927_11_v5.1 1828437 1828971 0.5474877953024933
Tb927_11_v5.1 1839895 1842507 1.331843563752445
Tb927_11_v5.1 1844381 1844788 0.09686153925258897
Tb927_11_v5.1 1863377 1864629 3.4123830458328657
Tb927_11_v5.1 1869525 1870588 2.9884429685776004
Tb927_11_v5.1 1875917 1879386 1.0460123977568363
Tb927_11_v5.1 1889448 1891649 1.3699496097503059
Tb927_11_v5.1 1898570 1900715 1.9057846583823492
Tb927_11_v5.1 1907050 1908786 0.7240843028694737
Tb927_11_v5.1 1914316 1915389 2.389452089084371
Tb927_11_v5.1 1926511 1929811 1.8345763907926285
Tb927_11_v5.1 1956681 1957678 0.15754127698648002
Tb927_11_v5.1 1959468 1960235 0.8692133924646458
Tb927_11_v5.1 1960712 1962715 0.6374299206152918
Tb927_11_v5.1 1967573 1967960 2.9385994553358565
Tb927_11_v5.1 1997657 1998851 0.22709022763949693
Tb927_11_v5.1 2130455 2132393 0.5849625007211562
Tb927_11_v5.1 2159951 2160355 0.9023033261128668
Tb927_11_v5.1 2164749 2165514 1.2822018165717517
Tb927_11_v5.1 2171538 2173164 1.267480310864986
Tb927_11_v5.1 2601452 2602907 0.9422845021437125
Tb927_11_v5.1 2614932 2616439 2.0
Tb927_11_v5.1 2623375 2625538 0.46158008521587396
Tb927_11_v5.1 2638286 2640030 1.1277555471983727
Tb927_11_v5.1 2649932 2652266 1.0226229089606704
Tb927_11_v5.1 2653134 2654057 0.7796099315746999
Tb927_11_v5.1 3212574 3212958 1.8253214685870531
Tb927_11_v5.1 3217838 3219276 1.4447848426728958
Tb927_11_v5.1 3411197 3412611 1.0
Tb927_11_v5.1 3425300 3426179 1.0931094043914815
Tb927_11_v5.1 3428818 3429154 0.7830129616856427
Tb927_11_v5.1 3451849 3453069 1.9769163868869588
Tb927_11_v5.1 3494292 3495270 3.3372353476752106
Tb927_11_v5.1 3501368 3502105 2.1154772174199357
Tb927_11_v5.1 3516485 3517226 3.7102707275007862
Tb927_11_v5.1 3531045 3532210 0.6374299206152918
Tb927_11_v5.1 3540037 3541083 1.0034309054002735
Tb927_11_v5.1 3590578 3592556 1.5734668618833265
Tb927_11_v5.1 3595986 3596867 1.8524428115861422
Tb927_11_v5.1 3598010 3598951 1.4968315904424911
Tb927_11_v5.1 3609592 3610091 3.029747343394052
Tb927_11_v5.1 3623823 3624852 2.5173992169085215
Tb927_11_v5.1 3650419 3650863 1.5305147166987798
Tb927_11_v5.1 3909435 3910110 1.042398584057948
Tb927_11_v5.1 3916136 3917336 1.222392421336448
Tb927_11_v5.1 3957420 3958865 2.558384267310247
Tb927_11_v5.1 3979790 3980548 7.112005025513131
Tb927_11_v5.1 3982324 3983155 2.5025003405291835
Tb927_11_v5.1 3987137 3988770 0.7967088866156408
Tb927_11_v5.1 3992710 3993692 1.4874459948068937
Tb927_11_v5.1 4002878 4003955 3.860348009671488
Tb927_11_v5.1 4003981 4005634 1.2877331750037655
Tb927_11_v5.1 4062618 4064654 3.5443205162238103
Tb927_11_v5.1 4073327 4074315 2.9068905956085187
Tb927_11_v5.1 4084277 4084728 0.8300749985576875
Tb927_11_v5.1 4127129 4127448 0.41503749927884376
Tb927_11_v5.1 4134619 4136160 1.6692787866546315
Tb927_11_v5.1 4148753 4150657 1.3675091291962582
Tb927_11_v5.1 4151012 4152527 1.3439544012173612
Tb927_11_v5.1 4163199 4164037 0.010416615945338423
Tb927_11_v5.1 4184361 4185437 2.584962500721156
Tb927_11_v5.1 4194159 4195306 1.634482636564955
Tb927_11_v5.1 4212129 4213370 1.1118928800708971
Tb927_11_v5.1 4213768 4214168 2.0
Tb927_11_v5.1 4219970 4221646 5.328591825168373
Tb927_11_v5.1 4223958 4224774 1.6571122864769914
Tb927_11_v5.1 4245301 4246501 4.029747343394052
Tb927_11_v5.1 4267694 4268031 0.16580889297008047
Tb927_11_v5.1 4268980 4270451 1.6309748984779922
Tb927_11_v5.1 4272834 4273720 2.662965012722429
Tb927_11_v5.1 4287649 4289016 0.6571931754367216
Tb927_11_v5.1 4302363 4304083 1.9842326841416833
Tb927_11_v5.1 4320452 4321813 0.07800251200127316
Tb927_11_v5.1 4354842 4356530 0.7369655941662062
Tb927_11_v5.1 4356607 4357789 1.4150374992788437
Tb927_11_v5.1 4365179 4366753 2.091498354485496
Tb927_11_v5.1 4371148 4372489 0.8390637817849421
Tb927_11_v5.1 4417473 4418375 4.115477217419936
Tb927_11_v5.1 4421091 4421416 5.672425341971495
Tb927_11_v5.1 4439476 4440809 2.4594316186372973
Tb927_11_v5.1 4443912 4445237 1.9621979672876155
Tb927_11_v5.1 4457193 4457835 0.44299156084984515
Tb927_11_v5.1 4462836 4464326 1.8511366140855172
Tb927_11_v5.1 4465485 4467226 0.32832586608551295
Tb927_11_v5.1 4484421 4485558 2.9385994553358565
Tb927_11_v5.1 4496287 4497242 6.0884727783170565
Tb927_11_v5.1 4520549 4521664 0.6280312226130421
Tb927_11_v5.1 4559474 4560318 1.1805722456418208
Tb927_11_v5.1 4562109 4563541 0.13263776857811893
Tb927_11_v5.1 4574336 4574880 4.614709844115208
Tb927_11_v5.1 4673970 4674331 0.22239242133644802
Tb927_11_v5.1 4686030 4686382 0.28950661719498477
Tb927_11_v5.1 4690738 4691269 1.0
Tb927_11_v5.1 4730575 4731091 3.8244284354165456
Tb927_11_v5.1 4732724 4733174 0.28630418515664097
Tb927_11_v5.1 4776202 4777203 1.499760178184271
Tb927_11_v5.1 4800591 4802567 1.8413022539809418
Tb927_11_v5.1 4808132 4808814 0.8556100906648252
Tb927_11_v5.1 4809461 4810713 3.6244908649077936
Tb927_11_v5.1 4816087 4817210 1.2730184944064158
Tb927_11_v5.1 4828124 4828818 2.3609976595659545
Tb927_11_v5.1 4836169 4836997 0.7369655941662062
Tb927_11_v5.1 4837675 4839234 0.8300749985576875
Tb927_11_v5.1 4865528 4865832 1.1154772174199359
Tb927_11_v5.1 4881795 4882231 2.0896372124846763
Tb927_11_v5.1 4894732 4895113 2.0
Tb927_11_v5.1 4958512 4960056 1.782769283779331
Tb927_11_v5.1 4961710 4962101 2.2180922839028225
Tb927_11_v5.1 4968491 4969691 3.4739311883324127
Tb927_11_v5.1 4983084 4984375 2.15754127698648
Tb927_11_v5.1 4999918 5000671 5.2976805486406855
Tb927_11_v5.1 5027775 5029200 0.5925756848310313
Tb927_11_v5.1 5030514 5030840 1.5443205162238103
Tb927_11_v5.1 5032080 5033496 1.1154772174199359
Tb927_11_v5.1 5035720 5036507 0.5525410230287786
Tb927_11_v5.1 5055675 5056718 1.8210298589546807
Tb927_11_v5.1 5058602 5058921 0.2524844864928839
